10500 5.27966
12540 5.27975
12860 5.27928
13180 5.27921
13520 5.27948
13860 5.2795
14180 5.27928
14500 5.27923
14800 5.27932
15200 5.27941
15600 5.27932
15940 5.27946
16340 5.27935
16720 5.27937
17060 5.27937
17700 5.27929
18760 5.27946
19460 5.2795
19880 5.27933
20180 5.27937
20480 5.2793
20720 5.27928
20940 5.27947
21120 5.27948
21360 5.27931
21630 5.27924
21870 5.2795
22130 5.27969
22350 5.27967
22610 5.27946
22890 5.27952
23070 5.27942
23270 5.27923
23490 5.27931
23650 5.27928
23810 5.27926
24050 5.27943
24330 5.27934
24490 5.27922
24670 5.27924
24850 5.2792
25030 5.27931
25350 5.27945
25750 5.27935
26030 5.27939
26360 5.27928
26520 5.27934
26660 5.27938
26820 5.27933
26980 5.27915
27160 5.27917
27440 5.2794
27720 5.27934
27920 5.27923
28080 5.27931
28260 5.27934
28500 5.27927
28740 5.27934
28900 5.27941
29120 5.2794
29400 5.27939
29920 5.27939
30960 5.27945
33000 5.27929
33840 5.27935
34190 5.2793
34520 5.27938
34820 5.27941
35080 5.2793
35320 5.27935
35600 5.27954
35920 5.2794
36140 5.27926
36300 5.27933
36500 5.27925
36700 5.2793
36880 5.27933
37120 5.2794
37520 5.27928
37820 5.27928
38090 5.27945
38290 5.2795
38430 5.27945
38610 5.27938
38830 5.27939
39030 5.27941
39230 5.27941
39590 5.27937
40270 5.2794
40850 5.27938
41130 5.27932
41310 5.27934
41510 5.27939
41710 5.27929
41950 5.27946
42210 5.27948
42430 5.27947
42750 5.2793
42990 5.2794
43150 5.27953
43310 5.27944
43470 5.27935
43670 5.27946
43910 5.2795
44070 5.27937
44190 5.27925
44330 5.27929
44490 5.27936
44630 5.27943
44830 5.27936
45010 5.27926
45210 5.27928
45410 5.27928
45710 5.27931
45950 5.27947
46110 5.27947
46270 5.27945
46430 5.27936
46610 5.27947
46770 5.27943
46870 5.27919
46970 5.27918
47090 5.2794
47210 5.2795
47310 5.27932
47420 5.2793
47520 5.27957
47640 5.2794
47740 5.27929
47840 5.27944
47960 5.27951
48100 5.2795
48200 5.27944
48280 5.27932
48360 5.27936
48440 5.27921
48540 5.27925
48660 5.27934
48820 5.27914
48960 5.27924
49060 5.27929
49160 5.27944
49280 5.2796
49380 5.2796
49460 5.27963
49560 5.27961
49660 5.27945
49760 5.27946
49860 5.27952
49980 5.27949
50100 5.27949
50340 5.27927
50560 5.2794
50640 5.2794
50800 5.2794
51120 5.2794
51760 5.2794
53040 5.27887
54120 5.27879
54300 5.27871
54480 5.27881
54680 5.27918
54920 5.27952
55060 5.27955
55220 5.27948
55380 5.27947
55600 5.27946
55820 5.27944
55960 5.27936
56120 5.27924
56280 5.27928
56480 5.27899
56640 5.2789
56760 5.27885
56900 5.27881
57020 5.27898
57160 5.27885
57320 5.27901
57420 5.27899
57520 5.27899
57640 5.27899
57880 5.27904
58080 5.27901
58180 5.27916
58300 5.27933
58420 5.27937
58540 5.27919
58640 5.27907
58720 5.27911
58860 5.27911
59140 5.27917
59660 5.27924
59860 5.2792
60000 5.27912
60160 5.27909
60340 5.27921
60480 5.27921
60620 5.27883
60760 5.27874
60920 5.27887
61170 5.27897
61450 5.27883
61830 5.27888
62190 5.27894
62360 5.27885
62520 5.27877
62720 5.27869
62890 5.27847
63050 5.27844
63310 5.27841
63690 5.27834
63850 5.27834
63990 5.27829
64130 5.27827
64250 5.27829
64350 5.27825
64510 5.27849
64730 5.27862
64910 5.27851
65070 5.27835
65170 5.27834
65290 5.2784
65390 5.27824
65490 5.27824
65690 5.27808
65950 5.27809
66070 5.27821
66170 5.27822
66250 5.27799
66330 5.27795
66410 5.2781
66510 5.27811
66610 5.27802
66730 5.27809
66850 5.2782
66990 5.27823
67130 5.27819
67190 5.27822
67290 5.2782
67470 5.2782
67590 5.27841
67650 5.27828
67730 5.27828
67890 5.27828
