         0         0         0  0.2314730    
         1         0         0  0.8490927    
         2         0         0   1.154981    
         3         0         0   1.306593    
         4         0         0   1.416516    
         5         0         0   1.463237    
         6         0         0   1.465757    
         7         0         0   1.482053    
         8         0         0   1.460261    
         9         0         0   1.361599    
        10         0         0   1.265227    
        11         0         0   1.201485    
        12         0         0   1.153592    
        13         0         0  0.1212091    
         0         1         0  0.1924169    
         1         1         0  0.7743275    
         2         1         0   1.073490    
         3         1         0   1.225304    
         4         1         0   1.344679    
         5         1         0   1.401243    
         6         1         0   1.411840    
         7         1         0   1.398832    
         8         1         0   1.334343    
         9         1         0   1.105260    
        10         1         0  0.9812510    
        11         1         0   1.000000    
        12         1         0   1.000000    
        13         1         0   1.000000    
         0         2         0   1.000000    
         1         2         0   1.000000    
         2         2         0   1.000000    
         3         2         0   1.000000    
         4         2         0   1.000000    
         5         2         0   1.000000    
         6         2         0   1.000000    
         7         2         0   1.000000    
         8         2         0   1.000000    
         9         2         0   1.000000    
        10         2         0   1.000000    
        11         2         0   1.000000    
        12         2         0   1.000000    
        13         2         0   1.000000    
         0         3         0   1.000000    
         1         3         0   1.000000    
         2         3         0   1.000000    
         3         3         0   1.000000    
         4         3         0   1.000000    
         5         3         0   1.000000    
         6         3         0   1.000000    
         7         3         0   1.000000    
         8         3         0   1.000000    
         9         3         0   1.000000    
        10         3         0   1.000000    
        11         3         0   1.000000    
        12         3         0   1.000000    
        13         3         0   1.000000    
         0         4         0   1.000000    
         1         4         0   1.000000    
         2         4         0   1.000000    
         3         4         0   1.000000    
         4         4         0   1.000000    
         5         4         0   1.000000    
         6         4         0   1.000000    
         7         4         0   1.000000    
         8         4         0   1.000000    
         9         4         0   1.000000    
        10         4         0   1.000000    
        11         4         0   1.000000    
        12         4         0   1.000000    
        13         4         0   1.000000    
         0         5         0   1.000000    
         1         5         0   1.000000    
         2         5         0   1.000000    
         3         5         0   1.000000    
         4         5         0   1.000000    
         5         5         0   1.000000    
         6         5         0   1.000000    
         7         5         0   1.000000    
         8         5         0   1.000000    
         9         5         0   1.000000    
        10         5         0   1.000000    
        11         5         0   1.000000    
        12         5         0   1.000000    
        13         5         0   1.000000    
         0         6         0   1.000000    
         1         6         0   1.000000    
         2         6         0   1.000000    
         3         6         0   1.000000    
         4         6         0   1.000000    
         5         6         0   1.000000    
         6         6         0   1.000000    
         7         6         0   1.000000    
         8         6         0   1.000000    
         9         6         0   1.000000    
        10         6         0   1.000000    
        11         6         0   1.000000    
        12         6         0   1.000000    
        13         6         0   1.000000    
         0         7         0   1.000000    
         1         7         0   1.000000    
         2         7         0   1.000000    
         3         7         0   1.000000    
         4         7         0   1.000000    
         5         7         0   1.000000    
         6         7         0   1.000000    
         7         7         0   1.000000    
         8         7         0   1.000000    
         9         7         0   1.000000    
        10         7         0   1.000000    
        11         7         0   1.000000    
        12         7         0   1.000000    
        13         7         0   1.000000    
         0         0         1  0.2505803    
         1         0         1  0.8055940    
         2         0         1   1.151543    
         3         0         1   1.306370    
         4         0         1   1.435694    
         5         0         1   1.471090    
         6         0         1   1.490489    
         7         0         1   1.497122    
         8         0         1   1.499975    
         9         0         1   1.474647    
        10         0         1   1.400277    
        11         0         1   1.237985    
        12         0         1   1.010627    
        13         0         1  0.4334898    
         0         1         1  0.3315543    
         1         1         1  0.8271473    
         2         1         1   1.117321    
         3         1         1   1.279189    
         4         1         1   1.409985    
         5         1         1   1.452645    
         6         1         1   1.466389    
         7         1         1   1.477128    
         8         1         1   1.458256    
         9         1         1   1.363505    
        10         1         1   1.216862    
        11         1         1   1.149490    
        12         1         1   1.000000    
        13         1         1   1.000000    
         0         2         1  0.3651682    
         1         2         1  0.7882832    
         2         2         1   1.090794    
         3         2         1   1.209794    
         4         2         1   1.380621    
         5         2         1   1.398471    
         6         2         1   1.432929    
         7         2         1   1.415458    
         8         2         1   1.359606    
         9         2         1   1.157776    
        10         2         1   1.000000    
        11         2         1   1.000000    
        12         2         1   1.000000    
        13         2         1   1.000000    
         0         3         1  0.2857339    
         1         3         1  0.6675104    
         2         3         1  0.8866148    
         3         3         1   1.007276    
         4         3         1   1.209022    
         5         3         1   1.344486    
         6         3         1   1.252914    
         7         3         1   1.189404    
         8         3         1   1.205621    
         9         3         1   1.000000    
        10         3         1   1.000000    
        11         3         1   1.000000    
        12         3         1   1.000000    
        13         3         1   1.000000    
         0         4         1  -1.716510    
         1         4         1   1.000000    
         2         4         1   1.000000    
         3         4         1   1.000000    
         4         4         1   1.000000    
         5         4         1   1.000000    
         6         4         1   1.000000    
         7         4         1   1.000000    
         8         4         1   1.000000    
         9         4         1   1.000000    
        10         4         1   1.000000    
        11         4         1   1.000000    
        12         4         1   1.000000    
        13         4         1   1.000000    
         0         5         1   1.000000    
         1         5         1   1.000000    
         2         5         1   1.000000    
         3         5         1   1.000000    
         4         5         1   1.000000    
         5         5         1   1.000000    
         6         5         1   1.000000    
         7         5         1   1.000000    
         8         5         1   1.000000    
         9         5         1   1.000000    
        10         5         1   1.000000    
        11         5         1   1.000000    
        12         5         1   1.000000    
        13         5         1   1.000000    
         0         6         1   1.000000    
         1         6         1   1.000000    
         2         6         1   1.000000    
         3         6         1   1.000000    
         4         6         1   1.000000    
         5         6         1   1.000000    
         6         6         1   1.000000    
         7         6         1   1.000000    
         8         6         1   1.000000    
         9         6         1   1.000000    
        10         6         1   1.000000    
        11         6         1   1.000000    
        12         6         1   1.000000    
        13         6         1   1.000000    
         0         7         1   1.000000    
         1         7         1   1.000000    
         2         7         1   1.000000    
         3         7         1   1.000000    
         4         7         1   1.000000    
         5         7         1   1.000000    
         6         7         1   1.000000    
         7         7         1   1.000000    
         8         7         1   1.000000    
         9         7         1   1.000000    
        10         7         1   1.000000    
        11         7         1   1.000000    
        12         7         1   1.000000    
        13         7         1   1.000000    
         0         0         2  0.2295128    
         1         0         2  0.8261663    
         2         0         2   1.133265    
         3         0         2   1.301511    
         4         0         2   1.442994    
         5         0         2   1.471928    
         6         0         2   1.487640    
         7         0         2   1.499708    
         8         0         2   1.503908    
         9         0         2   1.482898    
        10         0         2   1.413217    
        11         0         2   1.278588    
        12         0         2 -0.4665102    
        13         0         2   1.000000    
         0         1         2  0.3612562    
         1         1         2  0.8754487    
         2         1         2   1.136583    
         3         1         2   1.288272    
         4         1         2   1.419405    
         5         1         2   1.459109    
         6         1         2   1.480355    
         7         1         2   1.477103    
         8         1         2   1.479297    
         9         1         2   1.414419    
        10         1         2   1.287089    
        11         1         2   1.283490    
        12         1         2   1.000000    
        13         1         2   1.000000    
         0         2         2  0.4627148    
         1         2         2  0.8426347    
         2         2         2   1.100684    
         3         2         2   1.260938    
         4         2         2   1.404934    
         5         2         2   1.444607    
         6         2         2   1.443810    
         7         2         2   1.458645    
         8         2         2   1.416805    
         9         2         2   1.241863    
        10         2         2   1.433490    
        11         2         2   1.000000    
        12         2         2   1.000000    
        13         2         2   1.000000    
         0         3         2  0.5058922    
         1         3         2  0.7917579    
         2         3         2   1.049783    
         3         3         2   1.173480    
         4         3         2   1.349744    
         5         3         2   1.382500    
         6         3         2   1.374062    
         7         3         2   1.344113    
         8         3         2   1.240330    
         9         3         2   1.000000    
        10         3         2   1.000000    
        11         3         2   1.000000    
        12         3         2   1.000000    
        13         3         2   1.000000    
         0         4         2  0.2772377    
         1         4         2  0.6186587    
         2         4         2  0.8300678    
         3         4         2  0.7728721    
         4         4         2   1.027607    
         5         4         2   1.218883    
         6         4         2   1.272620    
         7         4         2  0.7834898    
         8         4         2   1.000000    
         9         4         2   1.000000    
        10         4         2   1.000000    
        11         4         2   1.000000    
        12         4         2   1.000000    
        13         4         2   1.000000    
         0         5         2 -0.4665102    
         1         5         2   1.000000    
         2         5         2   1.000000    
         3         5         2   1.000000    
         4         5         2   1.000000    
         5         5         2   1.000000    
         6         5         2   1.000000    
         7         5         2   1.000000    
         8         5         2   1.000000    
         9         5         2   1.000000    
        10         5         2   1.000000    
        11         5         2   1.000000    
        12         5         2   1.000000    
        13         5         2   1.000000    
         0         6         2   1.000000    
         1         6         2   1.000000    
         2         6         2   1.000000    
         3         6         2   1.000000    
         4         6         2   1.000000    
         5         6         2   1.000000    
         6         6         2   1.000000    
         7         6         2   1.000000    
         8         6         2   1.000000    
         9         6         2   1.000000    
        10         6         2   1.000000    
        11         6         2   1.000000    
        12         6         2   1.000000    
        13         6         2   1.000000    
         0         7         2   1.000000    
         1         7         2   1.000000    
         2         7         2   1.000000    
         3         7         2   1.000000    
         4         7         2   1.000000    
         5         7         2   1.000000    
         6         7         2   1.000000    
         7         7         2   1.000000    
         8         7         2   1.000000    
         9         7         2   1.000000    
        10         7         2   1.000000    
        11         7         2   1.000000    
        12         7         2   1.000000    
        13         7         2   1.000000    
         0         0         3  0.2645218    
         1         0         3  0.8376182    
         2         0         3   1.157626    
         3         0         3   1.302884    
         4         0         3   1.437804    
         5         0         3   1.470335    
         6         0         3   1.491539    
         7         0         3   1.496302    
         8         0         3   1.501512    
         9         0         3   1.482885    
        10         0         3   1.405951    
        11         0         3   1.329606    
        12         0         3   1.000000    
        13         0         3   1.000000    
         0         1         3  0.3538129    
         1         1         3  0.8677656    
         2         1         3   1.138974    
         3         1         3   1.288814    
         4         1         3   1.427351    
         5         1         3   1.457726    
         6         1         3   1.473232    
         7         1         3   1.483401    
         8         1         3   1.480843    
         9         1         3   1.414286    
        10         1         3   1.289265    
        11         1         3   1.000000    
        12         1         3   1.000000    
        13         1         3   1.000000    
         0         2         3  0.4475656    
         1         2         3  0.8681367    
         2         2         3   1.137707    
         3         2         3   1.264691    
         4         2         3   1.404108    
         5         2         3   1.446478    
         6         2         3   1.454912    
         7         2         3   1.457996    
         8         2         3   1.438791    
         9         2         3   1.303483    
        10         2         3   1.000000    
        11         2         3   1.000000    
        12         2         3   1.000000    
        13         2         3   1.000000    
         0         3         3  0.5349382    
         1         3         3  0.8606953    
         2         3         3   1.083511    
         3         3         3   1.205297    
         4         3         3   1.370058    
         5         3         3   1.407206    
         6         3         3   1.403074    
         7         3         3   1.397232    
         8         3         3   1.321191    
         9         3         3   1.351672    
        10         3         3   1.000000    
        11         3         3   1.000000    
        12         3         3   1.000000    
        13         3         3   1.000000    
         0         4         3  0.5545266    
         1         4         3  0.7210670    
         2         4         3  0.9461811    
         3         4         3   1.002166    
         4         4         3   1.193576    
         5         4         3   1.261757    
         6         4         3   1.240714    
         7         4         3   1.098985    
         8         4         3   1.078944    
         9         4         3   1.000000    
        10         4         3   1.000000    
        11         4         3   1.000000    
        12         4         3   1.000000    
        13         4         3   1.000000    
         0         5         3  0.3242747    
         1         5         3  0.9598982E-01
         2         5         3  0.3564987    
         3         5         3  0.2651972    
         4         5         3  0.6763470    
         5         5         3   1.000000    
         6         5         3   1.000000    
         7         5         3   1.000000    
         8         5         3   1.000000    
         9         5         3   1.000000    
        10         5         3   1.000000    
        11         5         3   1.000000    
        12         5         3   1.000000    
        13         5         3   1.000000    
         0         6         3  -1.166510    
         1         6         3   1.000000    
         2         6         3   1.000000    
         3         6         3   1.000000    
         4         6         3   1.000000    
         5         6         3   1.000000    
         6         6         3   1.000000    
         7         6         3   1.000000    
         8         6         3   1.000000    
         9         6         3   1.000000    
        10         6         3   1.000000    
        11         6         3   1.000000    
        12         6         3   1.000000    
        13         6         3   1.000000    
         0         7         3   1.000000    
         1         7         3   1.000000    
         2         7         3   1.000000    
         3         7         3   1.000000    
         4         7         3   1.000000    
         5         7         3   1.000000    
         6         7         3   1.000000    
         7         7         3   1.000000    
         8         7         3   1.000000    
         9         7         3   1.000000    
        10         7         3   1.000000    
        11         7         3   1.000000    
        12         7         3   1.000000    
        13         7         3   1.000000    
         0         0         4  0.2498723    
         1         0         4  0.8448583    
         2         0         4   1.158089    
         3         0         4   1.298548    
         4         0         4   1.434435    
         5         0         4   1.472394    
         6         0         4   1.485768    
         7         0         4   1.495641    
         8         0         4   1.499907    
         9         0         4   1.477140    
        10         0         4   1.418596    
        11         0         4   1.000000    
        12         0         4   1.000000    
        13         0         4   1.000000    
         0         1         4  0.3652796    
         1         1         4  0.8796721    
         2         1         4   1.150538    
         3         1         4   1.272204    
         4         1         4   1.427374    
         5         1         4   1.453647    
         6         1         4   1.474072    
         7         1         4   1.482783    
         8         1         4   1.479266    
         9         1         4   1.421798    
        10         1         4   1.345990    
        11         1         4   1.000000    
        12         1         4   1.000000    
        13         1         4   1.000000    
         0         2         4  0.4626979    
         1         2         4  0.8890960    
         2         2         4   1.150949    
         3         2         4   1.261870    
         4         2         4   1.412885    
         5         2         4   1.438100    
         6         2         4   1.459782    
         7         2         4   1.462698    
         8         2         4   1.440397    
         9         2         4   1.360494    
        10         2         4   1.000000    
        11         2         4   1.000000    
        12         2         4   1.000000    
        13         2         4   1.000000    
         0         3         4  0.5338458    
         1         3         4  0.8970016    
         2         3         4   1.116190    
         3         3         4   1.228350    
         4         3         4   1.388087    
         5         3         4   1.407886    
         6         3         4   1.415799    
         7         3         4   1.418929    
         8         3         4   1.369757    
         9         3         4  0.5334898    
        10         3         4   1.000000    
        11         3         4   1.000000    
        12         3         4   1.000000    
        13         3         4   1.000000    
         0         4         4  0.5921658    
         1         4         4  0.8326677    
         2         4         4   1.029825    
         3         4         4   1.120023    
         4         4         4   1.288072    
         5         4         4   1.299346    
         6         4         4   1.290688    
         7         4         4   1.255498    
         8         4         4   1.212256    
         9         4         4   1.000000    
        10         4         4   1.000000    
        11         4         4   1.000000    
        12         4         4   1.000000    
        13         4         4   1.000000    
         0         5         4  0.5667828    
         1         5         4  0.5292565    
         2         5         4  0.7026603    
         3         5         4  0.6588612    
         4         5         4  0.9399226    
         5         5         4  0.9233204    
         6         5         4   1.000000    
         7         5         4   1.000000    
         8         5         4   1.000000    
         9         5         4   1.000000    
        10         5         4   1.000000    
        11         5         4   1.000000    
        12         5         4   1.000000    
        13         5         4   1.000000    
         0         6         4  0.2283593    
         1         6         4 -0.8254846    
         2         6         4   1.000000    
         3         6         4   1.000000    
         4         6         4   1.000000    
         5         6         4   1.000000    
         6         6         4   1.000000    
         7         6         4   1.000000    
         8         6         4   1.000000    
         9         6         4   1.000000    
        10         6         4   1.000000    
        11         6         4   1.000000    
        12         6         4   1.000000    
        13         6         4   1.000000    
         0         7         4   1.000000    
         1         7         4   1.000000    
         2         7         4   1.000000    
         3         7         4   1.000000    
         4         7         4   1.000000    
         5         7         4   1.000000    
         6         7         4   1.000000    
         7         7         4   1.000000    
         8         7         4   1.000000    
         9         7         4   1.000000    
        10         7         4   1.000000    
        11         7         4   1.000000    
        12         7         4   1.000000    
        13         7         4   1.000000    
         0         0         5  0.2249855    
         1         0         5  0.8458045    
         2         0         5   1.162467    
         3         0         5   1.298608    
         4         0         5   1.435727    
         5         0         5   1.468983    
         6         0         5   1.482986    
         7         0         5   1.495028    
         8         0         5   1.494376    
         9         0         5   1.490347    
        10         0         5   1.533490    
        11         0         5   1.000000    
        12         0         5   1.000000    
        13         0         5   1.000000    
         0         1         5  0.3555108    
         1         1         5  0.8917089    
         2         1         5   1.156016    
         3         1         5   1.276353    
         4         1         5   1.420744    
         5         1         5   1.451654    
         6         1         5   1.475241    
         7         1         5   1.481225    
         8         1         5   1.473868    
         9         1         5   1.440511    
        10         1         5   1.000000    
        11         1         5   1.000000    
        12         1         5   1.000000    
        13         1         5   1.000000    
         0         2         5  0.4473797    
         1         2         5  0.9093264    
         2         2         5   1.150743    
         3         2         5   1.261951    
         4         2         5   1.411907    
         5         2         5   1.438479    
         6         2         5   1.450516    
         7         2         5   1.460482    
         8         2         5   1.443474    
         9         2         5   1.380818    
        10         2         5   1.000000    
        11         2         5   1.000000    
        12         2         5   1.000000    
        13         2         5   1.000000    
         0         3         5  0.5059564    
         1         3         5  0.9185154    
         2         3         5   1.145732    
         3         3         5   1.220690    
         4         3         5   1.383455    
         5         3         5   1.406851    
         6         3         5   1.422118    
         7         3         5   1.413729    
         8         3         5   1.393638    
         9         3         5   1.000000    
        10         3         5   1.000000    
        11         3         5   1.000000    
        12         3         5   1.000000    
        13         3         5   1.000000    
         0         4         5  0.5934447    
         1         4         5  0.8729093    
         2         4         5   1.085756    
         3         4         5   1.139715    
         4         4         5   1.326114    
         5         4         5   1.317213    
         6         4         5   1.320375    
         7         4         5   1.322435    
         8         4         5   1.322762    
         9         4         5   1.000000    
        10         4         5   1.000000    
        11         4         5   1.000000    
        12         4         5   1.000000    
        13         4         5   1.000000    
         0         5         5  0.6402388    
         1         5         5  0.7263252    
         2         5         5  0.8790796    
         3         5         5  0.8613995    
         4         5         5   1.163553    
         5         5         5   1.097064    
         6         5         5  0.5334898    
         7         5         5   1.000000    
         8         5         5   1.000000    
         9         5         5   1.000000    
        10         5         5   1.000000    
        11         5         5   1.000000    
        12         5         5   1.000000    
        13         5         5   1.000000    
         0         6         5  0.5249866    
         1         6         5  0.1410198    
         2         6         5  0.3931390    
         3         6         5   1.000000    
         4         6         5   1.000000    
         5         6         5   1.000000    
         6         6         5   1.000000    
         7         6         5   1.000000    
         8         6         5   1.000000    
         9         6         5   1.000000    
        10         6         5   1.000000    
        11         6         5   1.000000    
        12         6         5   1.000000    
        13         6         5   1.000000    
         0         7         5  -1.671329    
         1         7         5   1.000000    
         2         7         5   1.000000    
         3         7         5   1.000000    
         4         7         5   1.000000    
         5         7         5   1.000000    
         6         7         5   1.000000    
         7         7         5   1.000000    
         8         7         5   1.000000    
         9         7         5   1.000000    
        10         7         5   1.000000    
        11         7         5   1.000000    
        12         7         5   1.000000    
        13         7         5   1.000000    
         0         0         6  0.2170273    
         1         0         6  0.8860697    
         2         0         6   1.135913    
         3         0         6   1.285109    
         4         0         6   1.425499    
         5         0         6   1.465183    
         6         0         6   1.483778    
         7         0         6   1.493426    
         8         0         6   1.496119    
         9         0         6   1.474666    
        10         0         6   1.000000    
        11         0         6   1.000000    
        12         0         6   1.000000    
        13         0         6   1.000000    
         0         1         6  0.3215604    
         1         1         6  0.9323047    
         2         1         6   1.149521    
         3         1         6   1.270288    
         4         1         6   1.416946    
         5         1         6   1.445860    
         6         1         6   1.466983    
         7         1         6   1.471681    
         8         1         6   1.470809    
         9         1         6   1.379644    
        10         1         6   1.000000    
        11         1         6   1.000000    
        12         1         6   1.000000    
        13         1         6   1.000000    
         0         2         6  0.4396425    
         1         2         6  0.9672601    
         2         2         6   1.158510    
         3         2         6   1.261752    
         4         2         6   1.386935    
         5         2         6   1.439260    
         6         2         6   1.450997    
         7         2         6   1.445649    
         8         2         6   1.455439    
         9         2         6   1.000000    
        10         2         6   1.000000    
        11         2         6   1.000000    
        12         2         6   1.000000    
        13         2         6   1.000000    
         0         3         6  0.5052215    
         1         3         6  0.9570209    
         2         3         6   1.135092    
         3         3         6   1.206446    
         4         3         6   1.374094    
         5         3         6   1.398745    
         6         3         6   1.418470    
         7         3         6   1.424328    
         8         3         6   1.413057    
         9         3         6   1.000000    
        10         3         6   1.000000    
        11         3         6   1.000000    
        12         3         6   1.000000    
        13         3         6   1.000000    
         0         4         6  0.5842224    
         1         4         6  0.9374717    
         2         4         6   1.101969    
         3         4         6   1.129530    
         4         4         6   1.331377    
         5         4         6   1.339754    
         6         4         6   1.347808    
         7         4         6   1.388191    
         8         4         6   1.533490    
         9         4         6   1.000000    
        10         4         6   1.000000    
        11         4         6   1.000000    
        12         4         6   1.000000    
        13         4         6   1.000000    
         0         5         6  0.6360158    
         1         5         6  0.8393956    
         2         5         6  0.9762216    
         3         5         6  0.9354931    
         4         5         6   1.229354    
         5         5         6   1.270332    
         6         5         6   1.000000    
         7         5         6   1.000000    
         8         5         6   1.000000    
         9         5         6   1.000000    
        10         5         6   1.000000    
        11         5         6   1.000000    
        12         5         6   1.000000    
        13         5         6   1.000000    
         0         6         6  0.5889021    
         1         6         6  0.6154850    
         2         6         6  0.5822703    
         3         6         6   1.000000    
         4         6         6   1.000000    
         5         6         6   1.000000    
         6         6         6   1.000000    
         7         6         6   1.000000    
         8         6         6   1.000000    
         9         6         6   1.000000    
        10         6         6   1.000000    
        11         6         6   1.000000    
        12         6         6   1.000000    
        13         6         6   1.000000    
         0         7         6  0.5579625    
         1         7         6   1.000000    
         2         7         6   1.000000    
         3         7         6   1.000000    
         4         7         6   1.000000    
         5         7         6   1.000000    
         6         7         6   1.000000    
         7         7         6   1.000000    
         8         7         6   1.000000    
         9         7         6   1.000000    
        10         7         6   1.000000    
        11         7         6   1.000000    
        12         7         6   1.000000    
        13         7         6   1.000000    
         0         0         7  0.5557323E-01
         1         0         7  0.8829970    
         2         0         7   1.146030    
         3         0         7   1.273917    
         4         0         7   1.434502    
         5         0         7   1.456095    
         6         0         7   1.480555    
         7         0         7   1.492506    
         8         0         7   1.482285    
         9         0         7   1.000000    
        10         0         7   1.000000    
        11         0         7   1.000000    
        12         0         7   1.000000    
        13         0         7   1.000000    
         0         1         7  0.1737022    
         1         1         7   1.000918    
         2         1         7   1.168978    
         3         1         7   1.259645    
         4         1         7   1.399074    
         5         1         7   1.438274    
         6         1         7   1.465365    
         7         1         7   1.481476    
         8         1         7   1.447517    
         9         1         7   1.000000    
        10         1         7   1.000000    
        11         1         7   1.000000    
        12         1         7   1.000000    
        13         1         7   1.000000    
         0         2         7  0.2725918    
         1         2         7   1.003232    
         2         2         7   1.141291    
         3         2         7   1.233112    
         4         2         7   1.389637    
         5         2         7   1.428305    
         6         2         7   1.450802    
         7         2         7   1.457814    
         8         2         7   1.533490    
         9         2         7   1.000000    
        10         2         7   1.000000    
        11         2         7   1.000000    
        12         2         7   1.000000    
        13         2         7   1.000000    
         0         3         7  0.3395249    
         1         3         7  0.9852396    
         2         3         7   1.145631    
         3         3         7   1.174901    
         4         3         7   1.394601    
         5         3         7   1.395486    
         6         3         7   1.379078    
         7         3         7   1.366823    
         8         3         7   1.000000    
         9         3         7   1.000000    
        10         3         7   1.000000    
        11         3         7   1.000000    
        12         3         7   1.000000    
        13         3         7   1.000000    
         0         4         7  0.4159395    
         1         4         7  0.9738785    
         2         4         7   1.134717    
         3         4         7   1.147499    
         4         4         7   1.308382    
         5         4         7   1.405285    
         6         4         7   1.000000    
         7         4         7   1.000000    
         8         4         7   1.000000    
         9         4         7   1.000000    
        10         4         7   1.000000    
        11         4         7   1.000000    
        12         4         7   1.000000    
        13         4         7   1.000000    
         0         5         7  0.4332793    
         1         5         7  0.8901726    
         2         5         7   1.021519    
         3         5         7  0.9630673    
         4         5         7   1.000000    
         5         5         7   1.000000    
         6         5         7   1.000000    
         7         5         7   1.000000    
         8         5         7   1.000000    
         9         5         7   1.000000    
        10         5         7   1.000000    
        11         5         7   1.000000    
        12         5         7   1.000000    
        13         5         7   1.000000    
         0         6         7  0.5054493    
         1         6         7  0.7633749    
         2         6         7   1.000000    
         3         6         7   1.000000    
         4         6         7   1.000000    
         5         6         7   1.000000    
         6         6         7   1.000000    
         7         6         7   1.000000    
         8         6         7   1.000000    
         9         6         7   1.000000    
        10         6         7   1.000000    
        11         6         7   1.000000    
        12         6         7   1.000000    
        13         6         7   1.000000    
         0         7         7  0.9756389    
         1         7         7   1.000000    
         2         7         7   1.000000    
         3         7         7   1.000000    
         4         7         7   1.000000    
         5         7         7   1.000000    
         6         7         7   1.000000    
         7         7         7   1.000000    
         8         7         7   1.000000    
         9         7         7   1.000000    
        10         7         7   1.000000    
        11         7         7   1.000000    
        12         7         7   1.000000    
        13         7         7   1.000000    
