         0         0         0 0.6871468    
         1         0         0 0.9633324    
         2         0         0  1.230553    
         3         0         0  1.320495    
         4         0         0  1.431655    
         5         0         0  1.455564    
         6         0         0  1.465564    
         7         0         0  1.460322    
         8         0         0  1.418443    
         9         0         0  1.281416    
        10         0         0  1.171816    
        11         0         0  1.139209    
        12         0         0  1.077845    
        13         0         0-0.4964280E-01
         0         1         0 0.6278924    
         1         1         0 0.9287043    
         2         1         0  1.137338    
         3         1         0  1.231066    
         4         1         0  1.387264    
         5         1         0  1.381785    
         6         1         0  1.388643    
         7         1         0  1.371879    
         8         1         0  1.213597    
         9         1         0 0.9989636    
        10         1         0  1.059152    
        11         1         0  1.000000    
        12         1         0  1.000000    
        13         1         0  1.000000    
         0         2         0  1.281879    
         1         2         0  1.000000    
         2         2         0  1.000000    
         3         2         0  1.000000    
         4         2         0  1.000000    
         5         2         0  1.000000    
         6         2         0  1.000000    
         7         2         0  1.000000    
         8         2         0  1.000000    
         9         2         0  1.000000    
        10         2         0  1.000000    
        11         2         0  1.000000    
        12         2         0  1.000000    
        13         2         0  1.000000    
         0         3         0  1.000000    
         1         3         0  1.000000    
         2         3         0  1.000000    
         3         3         0  1.000000    
         4         3         0  1.000000    
         5         3         0  1.000000    
         6         3         0  1.000000    
         7         3         0  1.000000    
         8         3         0  1.000000    
         9         3         0  1.000000    
        10         3         0  1.000000    
        11         3         0  1.000000    
        12         3         0  1.000000    
        13         3         0  1.000000    
         0         4         0  1.000000    
         1         4         0  1.000000    
         2         4         0  1.000000    
         3         4         0  1.000000    
         4         4         0  1.000000    
         5         4         0  1.000000    
         6         4         0  1.000000    
         7         4         0  1.000000    
         8         4         0  1.000000    
         9         4         0  1.000000    
        10         4         0  1.000000    
        11         4         0  1.000000    
        12         4         0  1.000000    
        13         4         0  1.000000    
         0         5         0  1.000000    
         1         5         0  1.000000    
         2         5         0  1.000000    
         3         5         0  1.000000    
         4         5         0  1.000000    
         5         5         0  1.000000    
         6         5         0  1.000000    
         7         5         0  1.000000    
         8         5         0  1.000000    
         9         5         0  1.000000    
        10         5         0  1.000000    
        11         5         0  1.000000    
        12         5         0  1.000000    
        13         5         0  1.000000    
         0         6         0  1.000000    
         1         6         0  1.000000    
         2         6         0  1.000000    
         3         6         0  1.000000    
         4         6         0  1.000000    
         5         6         0  1.000000    
         6         6         0  1.000000    
         7         6         0  1.000000    
         8         6         0  1.000000    
         9         6         0  1.000000    
        10         6         0  1.000000    
        11         6         0  1.000000    
        12         6         0  1.000000    
        13         6         0  1.000000    
         0         7         0  1.000000    
         1         7         0  1.000000    
         2         7         0  1.000000    
         3         7         0  1.000000    
         4         7         0  1.000000    
         5         7         0  1.000000    
         6         7         0  1.000000    
         7         7         0  1.000000    
         8         7         0  1.000000    
         9         7         0  1.000000    
        10         7         0  1.000000    
        11         7         0  1.000000    
        12         7         0  1.000000    
        13         7         0  1.000000    
         0         0         1 0.6710194    
         1         0         1 0.9911314    
         2         0         1  1.216046    
         3         0         1  1.328352    
         4         0         1  1.447828    
         5         0         1  1.462023    
         6         0         1  1.480185    
         7         0         1  1.483573    
         8         0         1  1.478026    
         9         0         1  1.416131    
        10         0         1  1.304945    
        11         0         1  1.156016    
        12         0         1 0.9314275    
        13         0         1 0.2818789    
         0         1         1 0.7249796    
         1         1         1 0.9699596    
         2         1         1  1.164490    
         3         1         1  1.294632    
         4         1         1  1.415951    
         5         1         1  1.440246    
         6         1         1  1.451690    
         7         1         1  1.449134    
         8         1         1  1.409096    
         9         1         1  1.220076    
        10         1         1  1.094643    
        11         1         1  1.083281    
        12         1         1  1.000000    
        13         1         1  1.000000    
         0         2         1 0.7464433    
         1         2         1 0.8887039    
         2         2         1  1.096634    
         3         2         1  1.212280    
         4         2         1  1.350109    
         5         2         1  1.380275    
         6         2         1  1.372954    
         7         2         1  1.363048    
         8         2         1  1.233716    
         9         2         1 0.9528191    
        10         2         1  1.000000    
        11         2         1  1.000000    
        12         2         1  1.000000    
        13         2         1  1.000000    
         0         3         1 0.6200503    
         1         3         1 0.7715793    
         2         3         1 0.8720150    
         3         3         1 0.9578049    
         4         3         1  1.208898    
         5         3         1  1.117371    
         6         3         1  1.285977    
         7         3         1  1.031879    
         8         3         1  1.053618    
         9         3         1  1.000000    
        10         3         1  1.000000    
        11         3         1  1.000000    
        12         3         1  1.000000    
        13         3         1  1.000000    
         0         4         1 0.6129074E-01
         1         4         1  1.000000    
         2         4         1  1.000000    
         3         4         1  1.000000    
         4         4         1  1.000000    
         5         4         1  1.000000    
         6         4         1  1.000000    
         7         4         1  1.000000    
         8         4         1  1.000000    
         9         4         1  1.000000    
        10         4         1  1.000000    
        11         4         1  1.000000    
        12         4         1  1.000000    
        13         4         1  1.000000    
         0         5         1  1.000000    
         1         5         1  1.000000    
         2         5         1  1.000000    
         3         5         1  1.000000    
         4         5         1  1.000000    
         5         5         1  1.000000    
         6         5         1  1.000000    
         7         5         1  1.000000    
         8         5         1  1.000000    
         9         5         1  1.000000    
        10         5         1  1.000000    
        11         5         1  1.000000    
        12         5         1  1.000000    
        13         5         1  1.000000    
         0         6         1  1.000000    
         1         6         1  1.000000    
         2         6         1  1.000000    
         3         6         1  1.000000    
         4         6         1  1.000000    
         5         6         1  1.000000    
         6         6         1  1.000000    
         7         6         1  1.000000    
         8         6         1  1.000000    
         9         6         1  1.000000    
        10         6         1  1.000000    
        11         6         1  1.000000    
        12         6         1  1.000000    
        13         6         1  1.000000    
         0         7         1  1.000000    
         1         7         1  1.000000    
         2         7         1  1.000000    
         3         7         1  1.000000    
         4         7         1  1.000000    
         5         7         1  1.000000    
         6         7         1  1.000000    
         7         7         1  1.000000    
         8         7         1  1.000000    
         9         7         1  1.000000    
        10         7         1  1.000000    
        11         7         1  1.000000    
        12         7         1  1.000000    
        13         7         1  1.000000    
         0         0         2 0.6878147    
         1         0         2 0.9821911    
         2         0         2  1.205821    
         3         0         2  1.325795    
         4         0         2  1.440051    
         5         0         2  1.470423    
         6         0         2  1.481432    
         7         0         2  1.484884    
         8         0         2  1.482133    
         9         0         2  1.432807    
        10         0         2  1.327827    
        11         0         2  1.171538    
        12         0         2 0.3187895E-01
        13         0         2  1.000000    
         0         1         2 0.7393789    
         1         1         2 0.9623053    
         2         1         2  1.186929    
         3         1         2  1.293689    
         4         1         2  1.423031    
         5         1         2  1.448692    
         6         1         2  1.457344    
         7         1         2  1.466877    
         8         1         2  1.431832    
         9         1         2  1.306056    
        10         1         2  1.092811    
        11         1         2 0.7818789    
        12         1         2  1.000000    
        13         1         2  1.000000    
         0         2         2 0.7805364    
         1         2         2 0.9488021    
         2         2         2  1.111542    
         3         2         2  1.237729    
         4         2         2  1.374505    
         5         2         2  1.402146    
         6         2         2  1.422293    
         7         2         2  1.413285    
         8         2         2  1.312134    
         9         2         2  1.067873    
        10         2         2 0.9318789    
        11         2         2  1.000000    
        12         2         2  1.000000    
        13         2         2  1.000000    
         0         3         2 0.7796111    
         1         3         2 0.8153252    
         2         3         2  1.026959    
         3         3         2  1.090256    
         4         3         2  1.277235    
         5         3         2  1.296124    
         6         3         2  1.235926    
         7         3         2  1.235345    
         8         3         2  1.057244    
         9         3         2  1.000000    
        10         3         2  1.000000    
        11         3         2  1.000000    
        12         3         2  1.000000    
        13         3         2  1.000000    
         0         4         2 0.6318036    
         1         4         2 0.3943577    
         2         4         2 0.6781054    
         3         4         2 0.4142319    
         4         4         2 0.7818789    
         5         4         2 0.9189757    
         6         4         2  1.002467    
         7         4         2 0.5318789    
         8         4         2  1.000000    
         9         4         2  1.000000    
        10         4         2  1.000000    
        11         4         2  1.000000    
        12         4         2  1.000000    
        13         4         2  1.000000    
         0         5         2-0.2267418    
         1         5         2  1.000000    
         2         5         2  1.000000    
         3         5         2  1.000000    
         4         5         2  1.000000    
         5         5         2  1.000000    
         6         5         2  1.000000    
         7         5         2  1.000000    
         8         5         2  1.000000    
         9         5         2  1.000000    
        10         5         2  1.000000    
        11         5         2  1.000000    
        12         5         2  1.000000    
        13         5         2  1.000000    
         0         6         2  1.000000    
         1         6         2  1.000000    
         2         6         2  1.000000    
         3         6         2  1.000000    
         4         6         2  1.000000    
         5         6         2  1.000000    
         6         6         2  1.000000    
         7         6         2  1.000000    
         8         6         2  1.000000    
         9         6         2  1.000000    
        10         6         2  1.000000    
        11         6         2  1.000000    
        12         6         2  1.000000    
        13         6         2  1.000000    
         0         7         2  1.000000    
         1         7         2  1.000000    
         2         7         2  1.000000    
         3         7         2  1.000000    
         4         7         2  1.000000    
         5         7         2  1.000000    
         6         7         2  1.000000    
         7         7         2  1.000000    
         8         7         2  1.000000    
         9         7         2  1.000000    
        10         7         2  1.000000    
        11         7         2  1.000000    
        12         7         2  1.000000    
        13         7         2  1.000000    
         0         0         3 0.6799269    
         1         0         3 0.9868719    
         2         0         3  1.205285    
         3         0         3  1.325718    
         4         0         3  1.433488    
         5         0         3  1.469472    
         6         0         3  1.482868    
         7         0         3  1.485206    
         8         0         3  1.478814    
         9         0         3  1.423926    
        10         0         3  1.297492    
        11         0         3  1.140575    
        12         0         3  1.000000    
        13         0         3  1.000000    
         0         1         3 0.7384185    
         1         1         3 0.9906125    
         2         1         3  1.179974    
         3         1         3  1.298679    
         4         1         3  1.415209    
         5         1         3  1.445158    
         6         1         3  1.453759    
         7         1         3  1.460993    
         8         1         3  1.438138    
         9         1         3  1.301585    
        10         1         3  1.133518    
        11         1         3  1.000000    
        12         1         3  1.000000    
        13         1         3  1.000000    
         0         2         3 0.7683659    
         1         2         3 0.9662810    
         2         2         3  1.142893    
         3         2         3  1.243366    
         4         2         3  1.379374    
         5         2         3  1.406415    
         6         2         3  1.417683    
         7         2         3  1.417353    
         8         2         3  1.350248    
         9         2         3  1.129691    
        10         2         3  1.000000    
        11         2         3  1.000000    
        12         2         3  1.000000    
        13         2         3  1.000000    
         0         3         3 0.8000248    
         1         3         3 0.8697698    
         2         3         3  1.066779    
         3         3         3  1.132326    
         4         3         3  1.317908    
         5         3         3  1.333040    
         6         3         3  1.317274    
         7         3         3  1.287483    
         8         3         3  1.107247    
         9         3         3  1.281879    
        10         3         3  1.000000    
        11         3         3  1.000000    
        12         3         3  1.000000    
        13         3         3  1.000000    
         0         4         3 0.7777341    
         1         4         3 0.6656169    
         2         4         3 0.7820155    
         3         4         3 0.7527194    
         4         4         3  1.040053    
         5         4         3  1.075379    
         6         4         3  1.005093    
         7         4         3 0.9784809    
         8         4         3 0.6609112    
         9         4         3  1.000000    
        10         4         3  1.000000    
        11         4         3  1.000000    
        12         4         3  1.000000    
        13         4         3  1.000000    
         0         5         3 0.5787308    
         1         5         3-0.5755424E-02
         2         5         3-0.2245313    
         3         5         3-0.1718248    
         4         5         3-0.8014543    
         5         5         3  1.000000    
         6         5         3  1.000000    
         7         5         3  1.000000    
         8         5         3  1.000000    
         9         5         3  1.000000    
        10         5         3  1.000000    
        11         5         3  1.000000    
        12         5         3  1.000000    
        13         5         3  1.000000    
         0         6         3-0.5236766    
         1         6         3  1.000000    
         2         6         3  1.000000    
         3         6         3  1.000000    
         4         6         3  1.000000    
         5         6         3  1.000000    
         6         6         3  1.000000    
         7         6         3  1.000000    
         8         6         3  1.000000    
         9         6         3  1.000000    
        10         6         3  1.000000    
        11         6         3  1.000000    
        12         6         3  1.000000    
        13         6         3  1.000000    
         0         7         3  1.000000    
         1         7         3  1.000000    
         2         7         3  1.000000    
         3         7         3  1.000000    
         4         7         3  1.000000    
         5         7         3  1.000000    
         6         7         3  1.000000    
         7         7         3  1.000000    
         8         7         3  1.000000    
         9         7         3  1.000000    
        10         7         3  1.000000    
        11         7         3  1.000000    
        12         7         3  1.000000    
        13         7         3  1.000000    
         0         0         4 0.6805899    
         1         0         4 0.9933693    
         2         0         4  1.201849    
         3         0         4  1.323063    
         4         0         4  1.432544    
         5         0         4  1.458795    
         6         0         4  1.477411    
         7         0         4  1.479800    
         8         0         4  1.479591    
         9         0         4  1.420224    
        10         0         4  1.295615    
        11         0         4  1.000000    
        12         0         4  1.000000    
        13         0         4  1.000000    
         0         1         4 0.7402471    
         1         1         4  1.001152    
         2         1         4  1.172657    
         3         1         4  1.289675    
         4         1         4  1.409171    
         5         1         4  1.446230    
         6         1         4  1.452086    
         7         1         4  1.454722    
         8         1         4  1.433947    
         9         1         4  1.292085    
        10         1         4  1.231879    
        11         1         4  1.000000    
        12         1         4  1.000000    
        13         1         4  1.000000    
         0         2         4 0.7770298    
         1         2         4 0.9843052    
         2         2         4  1.138249    
         3         2         4  1.248410    
         4         2         4  1.384213    
         5         2         4  1.411559    
         6         2         4  1.423460    
         7         2         4  1.414892    
         8         2         4  1.337566    
         9         2         4  1.101483    
        10         2         4  1.000000    
        11         2         4  1.000000    
        12         2         4  1.000000    
        13         2         4  1.000000    
         0         3         4 0.7965034    
         1         3         4 0.9255183    
         2         3         4  1.092256    
         3         3         4  1.143069    
         4         3         4  1.325398    
         5         3         4  1.325813    
         6         3         4  1.333432    
         7         3         4  1.299885    
         8         3         4  1.177355    
         9         3         4  1.531879    
        10         3         4  1.000000    
        11         3         4  1.000000    
        12         3         4  1.000000    
        13         3         4  1.000000    
         0         4         4 0.8129489    
         1         4         4 0.7752787    
         2         4         4 0.9280224    
         3         4         4 0.9264260    
         4         4         4  1.119580    
         5         4         4  1.104535    
         6         4         4  1.029657    
         7         4         4 0.9520340    
         8         4         4 0.8627060    
         9         4         4  1.000000    
        10         4         4  1.000000    
        11         4         4  1.000000    
        12         4         4  1.000000    
        13         4         4  1.000000    
         0         5         4 0.7405574    
         1         5         4 0.2409971    
         2         5         4 0.2673628    
         3         5         4 0.7935369E-01
         4         5         4 0.5153954    
         5         5         4 0.7995955    
         6         5         4  1.000000    
         7         5         4  1.000000    
         8         5         4  1.000000    
         9         5         4  1.000000    
        10         5         4  1.000000    
        11         5         4  1.000000    
        12         5         4  1.000000    
        13         5         4  1.000000    
         0         6         4 0.5236464    
         1         6         4 -1.807407    
         2         6         4  1.031879    
         3         6         4  1.000000    
         4         6         4  1.000000    
         5         6         4  1.000000    
         6         6         4  1.000000    
         7         6         4  1.000000    
         8         6         4  1.000000    
         9         6         4  1.000000    
        10         6         4  1.000000    
        11         6         4  1.000000    
        12         6         4  1.000000    
        13         6         4  1.000000    
         0         7         4  1.000000    
         1         7         4  1.000000    
         2         7         4  1.000000    
         3         7         4  1.000000    
         4         7         4  1.000000    
         5         7         4  1.000000    
         6         7         4  1.000000    
         7         7         4  1.000000    
         8         7         4  1.000000    
         9         7         4  1.000000    
        10         7         4  1.000000    
        11         7         4  1.000000    
        12         7         4  1.000000    
        13         7         4  1.000000    
         0         0         5 0.6745071    
         1         0         5 0.9982134    
         2         0         5  1.209796    
         3         0         5  1.312727    
         4         0         5  1.446389    
         5         0         5  1.464849    
         6         0         5  1.473177    
         7         0         5  1.482240    
         8         0         5  1.471766    
         9         0         5  1.403308    
        10         0         5 0.5318789    
        11         0         5  1.000000    
        12         0         5  1.000000    
        13         0         5  1.000000    
         0         1         5 0.7296186    
         1         1         5 0.9933681    
         2         1         5  1.206993    
         3         1         5  1.278746    
         4         1         5  1.415688    
         5         1         5  1.440312    
         6         1         5  1.450979    
         7         1         5  1.455003    
         8         1         5  1.426897    
         9         1         5  1.311170    
        10         1         5  1.000000    
        11         1         5  1.000000    
        12         1         5  1.000000    
        13         1         5  1.000000    
         0         2         5 0.7786466    
         1         2         5 0.9647675    
         2         2         5  1.151230    
         3         2         5  1.240535    
         4         2         5  1.383058    
         5         2         5  1.406179    
         6         2         5  1.408243    
         7         2         5  1.407451    
         8         2         5  1.351840    
         9         2         5  1.128653    
        10         2         5  1.000000    
        11         2         5  1.000000    
        12         2         5  1.000000    
        13         2         5  1.000000    
         0         3         5 0.7974618    
         1         3         5 0.9366460    
         2         3         5  1.084475    
         3         3         5  1.158324    
         4         3         5  1.312651    
         5         3         5  1.349992    
         6         3         5  1.322209    
         7         3         5  1.325633    
         8         3         5  1.237961    
         9         3         5  1.000000    
        10         3         5  1.000000    
        11         3         5  1.000000    
        12         3         5  1.000000    
        13         3         5  1.000000    
         0         4         5 0.8043376    
         1         4         5 0.8125392    
         2         4         5 0.9483127    
         3         4         5 0.9568821    
         4         4         5  1.170162    
         5         4         5  1.162413    
         6         4         5  1.106612    
         7         4         5  1.021801    
         8         4         5 0.8829428    
         9         4         5  1.000000    
        10         4         5  1.000000    
        11         4         5  1.000000    
        12         4         5  1.000000    
        13         4         5  1.000000    
         0         5         5 0.7890260    
         1         5         5 0.4974564    
         2         5         5 0.4431751    
         3         5         5 0.2972580    
         4         5         5 0.7912775    
         5         5         5 0.8117424    
         6         5         5  1.531879    
         7         5         5  1.000000    
         8         5         5  1.000000    
         9         5         5  1.000000    
        10         5         5  1.000000    
        11         5         5  1.000000    
        12         5         5  1.000000    
        13         5         5  1.000000    
         0         6         5 0.6548318    
         1         6         5-0.7152693    
         2         6         5 -1.760804    
         3         6         5  1.000000    
         4         6         5  1.000000    
         5         6         5  1.000000    
         6         6         5  1.000000    
         7         6         5  1.000000    
         8         6         5  1.000000    
         9         6         5  1.000000    
        10         6         5  1.000000    
        11         6         5  1.000000    
        12         6         5  1.000000    
        13         6         5  1.000000    
         0         7         5-0.3471533    
         1         7         5  1.000000    
         2         7         5  1.000000    
         3         7         5  1.000000    
         4         7         5  1.000000    
         5         7         5  1.000000    
         6         7         5  1.000000    
         7         7         5  1.000000    
         8         7         5  1.000000    
         9         7         5  1.000000    
        10         7         5  1.000000    
        11         7         5  1.000000    
        12         7         5  1.000000    
        13         7         5  1.000000    
         0         0         6 0.6446685    
         1         0         6  1.021403    
         2         0         6  1.220894    
         3         0         6  1.312731    
         4         0         6  1.425960    
         5         0         6  1.460891    
         6         0         6  1.473467    
         7         0         6  1.474108    
         8         0         6  1.470105    
         9         0         6  1.456407    
        10         0         6  1.000000    
        11         0         6  1.000000    
        12         0         6  1.000000    
        13         0         6  1.000000    
         0         1         6 0.7203901    
         1         1         6  1.033504    
         2         1         6  1.199489    
         3         1         6  1.288508    
         4         1         6  1.402959    
         5         1         6  1.430430    
         6         1         6  1.445215    
         7         1         6  1.451455    
         8         1         6  1.437124    
         9         1         6 0.7318789    
        10         1         6  1.000000    
        11         1         6  1.000000    
        12         1         6  1.000000    
        13         1         6  1.000000    
         0         2         6 0.7663177    
         1         2         6  1.016774    
         2         2         6  1.170256    
         3         2         6  1.235961    
         4         2         6  1.365252    
         5         2         6  1.399781    
         6         2         6  1.400807    
         7         2         6  1.401199    
         8         2         6  1.374581    
         9         2         6  1.000000    
        10         2         6  1.000000    
        11         2         6  1.000000    
        12         2         6  1.000000    
        13         2         6  1.000000    
         0         3         6 0.7801934    
         1         3         6 0.9566727    
         2         3         6  1.122558    
         3         3         6  1.135199    
         4         3         6  1.315489    
         5         3         6  1.332338    
         6         3         6  1.332936    
         7         3         6  1.310402    
         8         3         6  1.252218    
         9         3         6  1.000000    
        10         3         6  1.000000    
        11         3         6  1.000000    
        12         3         6  1.000000    
        13         3         6  1.000000    
         0         4         6 0.7912205    
         1         4         6 0.8667973    
         2         4         6 0.9759852    
         3         4         6 0.9511836    
         4         4         6  1.184351    
         5         4         6  1.191736    
         6         4         6  1.208870    
         7         4         6  1.045393    
         8         4         6 0.5318789    
         9         4         6  1.000000    
        10         4         6  1.000000    
        11         4         6  1.000000    
        12         4         6  1.000000    
        13         4         6  1.000000    
         0         5         6 0.7740359    
         1         5         6 0.6043328    
         2         5         6 0.6065836    
         3         5         6 0.4239161    
         4         5         6 0.7805562    
         5         5         6 0.9164943    
         6         5         6  1.000000    
         7         5         6  1.000000    
         8         5         6  1.000000    
         9         5         6  1.000000    
        10         5         6  1.000000    
        11         5         6  1.000000    
        12         5         6  1.000000    
        13         5         6  1.000000    
         0         6         6 0.6836285    
         1         6         6-0.4416895E-01
         2         6         6 0.2937837    
         3         6         6  1.000000    
         4         6         6  1.000000    
         5         6         6  1.000000    
         6         6         6  1.000000    
         7         6         6  1.000000    
         8         6         6  1.000000    
         9         6         6  1.000000    
        10         6         6  1.000000    
        11         6         6  1.000000    
        12         6         6  1.000000    
        13         6         6  1.000000    
         0         7         6 0.7567421    
         1         7         6  1.000000    
         2         7         6  1.000000    
         3         7         6  1.000000    
         4         7         6  1.000000    
         5         7         6  1.000000    
         6         7         6  1.000000    
         7         7         6  1.000000    
         8         7         6  1.000000    
         9         7         6  1.000000    
        10         7         6  1.000000    
        11         7         6  1.000000    
        12         7         6  1.000000    
        13         7         6  1.000000    
         0         0         7 0.5450531    
         1         0         7  1.054161    
         2         0         7  1.218932    
         3         0         7  1.305116    
         4         0         7  1.434126    
         5         0         7  1.457105    
         6         0         7  1.473788    
         7         0         7  1.485095    
         8         0         7  1.432822    
         9         0         7  1.000000    
        10         0         7  1.000000    
        11         0         7  1.000000    
        12         0         7  1.000000    
        13         0         7  1.000000    
         0         1         7 0.6400617    
         1         1         7  1.087724    
         2         1         7  1.223442    
         3         1         7  1.267279    
         4         1         7  1.375016    
         5         1         7  1.417072    
         6         1         7  1.436004    
         7         1         7  1.443046    
         8         1         7  1.478687    
         9         1         7  1.000000    
        10         1         7  1.000000    
        11         1         7  1.000000    
        12         1         7  1.000000    
        13         1         7  1.000000    
         0         2         7 0.6733443    
         1         2         7  1.063210    
         2         2         7  1.187041    
         3         2         7  1.217139    
         4         2         7  1.366057    
         5         2         7  1.389320    
         6         2         7  1.399729    
         7         2         7  1.432642    
         8         2         7  1.454956    
         9         2         7  1.000000    
        10         2         7  1.000000    
        11         2         7  1.000000    
        12         2         7  1.000000    
        13         2         7  1.000000    
         0         3         7 0.6823581    
         1         3         7  1.007308    
         2         3         7  1.111271    
         3         3         7  1.133890    
         4         3         7  1.275436    
         5         3         7  1.375212    
         6         3         7  1.324562    
         7         3         7  1.531879    
         8         3         7  1.000000    
         9         3         7  1.000000    
        10         3         7  1.000000    
        11         3         7  1.000000    
        12         3         7  1.000000    
        13         3         7  1.000000    
         0         4         7 0.6775957    
         1         4         7 0.9021340    
         2         4         7  1.034004    
         3         4         7 0.8911382    
         4         4         7  1.226535    
         5         4         7  1.045393    
         6         4         7  1.000000    
         7         4         7  1.000000    
         8         4         7  1.000000    
         9         4         7  1.000000    
        10         4         7  1.000000    
        11         4         7  1.000000    
        12         4         7  1.000000    
        13         4         7  1.000000    
         0         5         7 0.6610654    
         1         5         7 0.7246981    
         2         5         7 0.7723161    
         3         5         7-0.3229598    
         4         5         7  1.000000    
         5         5         7  1.000000    
         6         5         7  1.000000    
         7         5         7  1.000000    
         8         5         7  1.000000    
         9         5         7  1.000000    
        10         5         7  1.000000    
        11         5         7  1.000000    
        12         5         7  1.000000    
        13         5         7  1.000000    
         0         6         7 0.7026351    
         1         6         7 0.3977326    
         2         6         7  1.000000    
         3         6         7  1.000000    
         4         6         7  1.000000    
         5         6         7  1.000000    
         6         6         7  1.000000    
         7         6         7  1.000000    
         8         6         7  1.000000    
         9         6         7  1.000000    
        10         6         7  1.000000    
        11         6         7  1.000000    
        12         6         7  1.000000    
        13         6         7  1.000000    
         0         7         7  1.098083    
         1         7         7  1.000000    
         2         7         7  1.000000    
         3         7         7  1.000000    
         4         7         7  1.000000    
         5         7         7  1.000000    
         6         7         7  1.000000    
         7         7         7  1.000000    
         8         7         7  1.000000    
         9         7         7  1.000000    
        10         7         7  1.000000    
        11         7         7  1.000000    
        12         7         7  1.000000    
        13         7         7  1.000000    
