         0         0         0 0.6510996    
         1         0         0 0.7720522    
         2         0         0  1.098750    
         3         0         0  1.251955    
         4         0         0  1.406884    
         5         0         0  1.437960    
         6         0         0  1.455993    
         7         0         0  1.461572    
         8         0         0  1.455668    
         9         0         0  1.394728    
        10         0         0  1.320082    
        11         0         0  1.294762    
        12         0         0  1.210128    
        13         0         0 0.6762089    
         0         1         0 0.5849981    
         1         1         0 0.8031867    
         2         1         0 0.9758394    
         3         1         0  1.143009    
         4         1         0  1.349684    
         5         1         0  1.373794    
         6         1         0  1.341112    
         7         1         0  1.361820    
         8         1         0  1.325042    
         9         1         0  1.156157    
        10         1         0  1.103464    
        11         1         0  1.000000    
        12         1         0  1.000000    
        13         1         0  1.000000    
         0         2         0 0.3423357E-01
         1         2         0  1.534234    
         2         2         0  1.000000    
         3         2         0  1.000000    
         4         2         0  1.000000    
         5         2         0  1.000000    
         6         2         0  1.000000    
         7         2         0  1.000000    
         8         2         0  1.000000    
         9         2         0  1.000000    
        10         2         0  1.000000    
        11         2         0  1.000000    
        12         2         0  1.000000    
        13         2         0  1.000000    
         0         3         0  1.000000    
         1         3         0  1.000000    
         2         3         0  1.000000    
         3         3         0  1.000000    
         4         3         0  1.000000    
         5         3         0  1.000000    
         6         3         0  1.000000    
         7         3         0  1.000000    
         8         3         0  1.000000    
         9         3         0  1.000000    
        10         3         0  1.000000    
        11         3         0  1.000000    
        12         3         0  1.000000    
        13         3         0  1.000000    
         0         4         0  1.000000    
         1         4         0  1.000000    
         2         4         0  1.000000    
         3         4         0  1.000000    
         4         4         0  1.000000    
         5         4         0  1.000000    
         6         4         0  1.000000    
         7         4         0  1.000000    
         8         4         0  1.000000    
         9         4         0  1.000000    
        10         4         0  1.000000    
        11         4         0  1.000000    
        12         4         0  1.000000    
        13         4         0  1.000000    
         0         5         0  1.000000    
         1         5         0  1.000000    
         2         5         0  1.000000    
         3         5         0  1.000000    
         4         5         0  1.000000    
         5         5         0  1.000000    
         6         5         0  1.000000    
         7         5         0  1.000000    
         8         5         0  1.000000    
         9         5         0  1.000000    
        10         5         0  1.000000    
        11         5         0  1.000000    
        12         5         0  1.000000    
        13         5         0  1.000000    
         0         6         0  1.000000    
         1         6         0  1.000000    
         2         6         0  1.000000    
         3         6         0  1.000000    
         4         6         0  1.000000    
         5         6         0  1.000000    
         6         6         0  1.000000    
         7         6         0  1.000000    
         8         6         0  1.000000    
         9         6         0  1.000000    
        10         6         0  1.000000    
        11         6         0  1.000000    
        12         6         0  1.000000    
        13         6         0  1.000000    
         0         7         0  1.000000    
         1         7         0  1.000000    
         2         7         0  1.000000    
         3         7         0  1.000000    
         4         7         0  1.000000    
         5         7         0  1.000000    
         6         7         0  1.000000    
         7         7         0  1.000000    
         8         7         0  1.000000    
         9         7         0  1.000000    
        10         7         0  1.000000    
        11         7         0  1.000000    
        12         7         0  1.000000    
        13         7         0  1.000000    
         0         0         1 0.6472123    
         1         0         1 0.7910351    
         2         0         1  1.098941    
         3         0         1  1.259003    
         4         0         1  1.417034    
         5         0         1  1.460550    
         6         0         1  1.477823    
         7         0         1  1.485933    
         8         0         1  1.497559    
         9         0         1  1.487331    
        10         0         1  1.444480    
        11         0         1  1.369986    
        12         0         1  1.248819    
        13         0         1  1.089789    
         0         1         1 0.6579949    
         1         1         1 0.7246462    
         2         1         1  1.048818    
         3         1         1  1.234009    
         4         1         1  1.393223    
         5         1         1  1.444368    
         6         1         1  1.453153    
         7         1         1  1.469386    
         8         1         1  1.460709    
         9         1         1  1.409014    
        10         1         1  1.340286    
        11         1         1  1.269040    
        12         1         1  1.000000    
        13         1         1  1.000000    
         0         2         1 0.6024595    
         1         2         1 0.6751323    
         2         2         1  1.009990    
         3         2         1  1.144349    
         4         2         1  1.357901    
         5         2         1  1.374939    
         6         2         1  1.397025    
         7         2         1  1.403173    
         8         2         1  1.364739    
         9         2         1  1.279008    
        10         2         1  1.534234    
        11         2         1  1.000000    
        12         2         1  1.000000    
        13         2         1  1.000000    
         0         3         1 0.5293573    
         1         3         1 0.5541341    
         2         3         1 0.8594084    
         3         3         1 0.9592950    
         4         3         1  1.180067    
         5         3         1  1.279769    
         6         3         1  1.177091    
         7         3         1  1.278136    
         8         3         1  1.103678    
         9         3         1  1.000000    
        10         3         1  1.000000    
        11         3         1  1.000000    
        12         3         1  1.000000    
        13         3         1  1.000000    
         0         4         1 -1.465766    
         1         4         1  1.000000    
         2         4         1  1.000000    
         3         4         1  1.000000    
         4         4         1  1.000000    
         5         4         1  1.000000    
         6         4         1  1.000000    
         7         4         1  1.000000    
         8         4         1  1.000000    
         9         4         1  1.000000    
        10         4         1  1.000000    
        11         4         1  1.000000    
        12         4         1  1.000000    
        13         4         1  1.000000    
         0         5         1  1.000000    
         1         5         1  1.000000    
         2         5         1  1.000000    
         3         5         1  1.000000    
         4         5         1  1.000000    
         5         5         1  1.000000    
         6         5         1  1.000000    
         7         5         1  1.000000    
         8         5         1  1.000000    
         9         5         1  1.000000    
        10         5         1  1.000000    
        11         5         1  1.000000    
        12         5         1  1.000000    
        13         5         1  1.000000    
         0         6         1  1.000000    
         1         6         1  1.000000    
         2         6         1  1.000000    
         3         6         1  1.000000    
         4         6         1  1.000000    
         5         6         1  1.000000    
         6         6         1  1.000000    
         7         6         1  1.000000    
         8         6         1  1.000000    
         9         6         1  1.000000    
        10         6         1  1.000000    
        11         6         1  1.000000    
        12         6         1  1.000000    
        13         6         1  1.000000    
         0         7         1  1.000000    
         1         7         1  1.000000    
         2         7         1  1.000000    
         3         7         1  1.000000    
         4         7         1  1.000000    
         5         7         1  1.000000    
         6         7         1  1.000000    
         7         7         1  1.000000    
         8         7         1  1.000000    
         9         7         1  1.000000    
        10         7         1  1.000000    
        11         7         1  1.000000    
        12         7         1  1.000000    
        13         7         1  1.000000    
         0         0         2 0.6171780    
         1         0         2 0.7828469    
         2         0         2  1.085761    
         3         0         2  1.258763    
         4         0         2  1.419988    
         5         0         2  1.457625    
         6         0         2  1.484109    
         7         0         2  1.490198    
         8         0         2  1.499119    
         9         0         2  1.496283    
        10         0         2  1.464358    
        11         0         2  1.404018    
        12         0         2  1.159234    
        13         0         2  1.000000    
         0         1         2 0.6469263    
         1         1         2 0.7918588    
         2         1         2  1.070769    
         3         1         2  1.229827    
         4         1         2  1.395032    
         5         1         2  1.442438    
         6         1         2  1.469920    
         7         1         2  1.473347    
         8         1         2  1.484498    
         9         1         2  1.450953    
        10         1         2  1.403837    
        11         1         2  1.438995    
        12         1         2  1.000000    
        13         1         2  1.000000    
         0         2         2 0.6528581    
         1         2         2 0.7382556    
         2         2         2  1.003462    
         3         2         2  1.178114    
         4         2         2  1.374080    
         5         2         2  1.417103    
         6         2         2  1.442596    
         7         2         2  1.445947    
         8         2         2  1.436908    
         9         2         2  1.377646    
        10         2         2  1.352415    
        11         2         2  1.000000    
        12         2         2  1.000000    
        13         2         2  1.000000    
         0         3         2 0.6236398    
         1         3         2 0.6276402    
         2         3         2 0.9492783    
         3         3         2  1.075795    
         4         3         2  1.287857    
         5         3         2  1.337851    
         6         3         2  1.335501    
         7         3         2  1.321132    
         8         3         2  1.314689    
         9         3         2  1.534234    
        10         3         2  1.000000    
        11         3         2  1.000000    
        12         3         2  1.000000    
        13         3         2  1.000000    
         0         4         2 0.4881070    
         1         4         2 0.1747295    
         2         4         2 0.6984127    
         3         4         2 0.6521043    
         4         4         2  1.108702    
         5         4         2  1.105662    
         6         4         2  1.010424    
         7         4         2  1.200900    
         8         4         2  1.000000    
         9         4         2  1.000000    
        10         4         2  1.000000    
        11         4         2  1.000000    
        12         4         2  1.000000    
        13         4         2  1.000000    
         0         5         2-0.3445543    
         1         5         2  1.000000    
         2         5         2  1.000000    
         3         5         2  1.000000    
         4         5         2  1.000000    
         5         5         2  1.000000    
         6         5         2  1.000000    
         7         5         2  1.000000    
         8         5         2  1.000000    
         9         5         2  1.000000    
        10         5         2  1.000000    
        11         5         2  1.000000    
        12         5         2  1.000000    
        13         5         2  1.000000    
         0         6         2  1.000000    
         1         6         2  1.000000    
         2         6         2  1.000000    
         3         6         2  1.000000    
         4         6         2  1.000000    
         5         6         2  1.000000    
         6         6         2  1.000000    
         7         6         2  1.000000    
         8         6         2  1.000000    
         9         6         2  1.000000    
        10         6         2  1.000000    
        11         6         2  1.000000    
        12         6         2  1.000000    
        13         6         2  1.000000    
         0         7         2  1.000000    
         1         7         2  1.000000    
         2         7         2  1.000000    
         3         7         2  1.000000    
         4         7         2  1.000000    
         5         7         2  1.000000    
         6         7         2  1.000000    
         7         7         2  1.000000    
         8         7         2  1.000000    
         9         7         2  1.000000    
        10         7         2  1.000000    
        11         7         2  1.000000    
        12         7         2  1.000000    
        13         7         2  1.000000    
         0         0         3 0.6364878    
         1         0         3 0.7743734    
         2         0         3  1.094051    
         3         0         3  1.255396    
         4         0         3  1.412197    
         5         0         3  1.454345    
         6         0         3  1.478543    
         7         0         3  1.491811    
         8         0         3  1.500139    
         9         0         3  1.493973    
        10         0         3  1.463850    
        11         0         3  1.366569    
        12         0         3  1.000000    
        13         0         3  1.000000    
         0         1         3 0.6425557    
         1         1         3 0.7769240    
         2         1         3  1.077500    
         3         1         3  1.239484    
         4         1         3  1.404028    
         5         1         3  1.432130    
         6         1         3  1.460225    
         7         1         3  1.476839    
         8         1         3  1.483755    
         9         1         3  1.461873    
        10         1         3  1.433307    
        11         1         3  1.000000    
        12         1         3  1.000000    
        13         1         3  1.000000    
         0         2         3 0.6420501    
         1         2         3 0.7570174    
         2         2         3  1.036437    
         3         2         3  1.190341    
         4         2         3  1.366486    
         5         2         3  1.427284    
         6         2         3  1.448819    
         7         2         3  1.462805    
         8         2         3  1.454269    
         9         2         3  1.406570    
        10         2         3  1.000000    
        11         2         3  1.000000    
        12         2         3  1.000000    
        13         2         3  1.000000    
         0         3         3 0.6624075    
         1         3         3 0.7171691    
         2         3         3 0.9538019    
         3         3         3  1.137512    
         4         3         3  1.332189    
         5         3         3  1.385178    
         6         3         3  1.399954    
         7         3         3  1.397655    
         8         3         3  1.367420    
         9         3         3  1.380387    
        10         3         3  1.000000    
        11         3         3  1.000000    
        12         3         3  1.000000    
        13         3         3  1.000000    
         0         4         3 0.6083993    
         1         4         3 0.5047263    
         2         4         3 0.8151833    
         3         4         3 0.9005418    
         4         4         3  1.215393    
         5         4         3  1.245118    
         6         4         3  1.255645    
         7         4         3  1.165422    
         8         4         3  1.047277    
         9         4         3  1.000000    
        10         4         3  1.000000    
        11         4         3  1.000000    
        12         4         3  1.000000    
        13         4         3  1.000000    
         0         5         3 0.4280521    
         1         5         3-0.2055326    
         2         5         3 0.3364314    
         3         5         3-0.5667555E-01
         4         5         3 0.1342336    
         5         5         3  1.034234    
         6         5         3  1.000000    
         7         5         3  1.000000    
         8         5         3  1.000000    
         9         5         3  1.000000    
        10         5         3  1.000000    
        11         5         3  1.000000    
        12         5         3  1.000000    
        13         5         3  1.000000    
         0         6         3-0.5834136    
         1         6         3  1.000000    
         2         6         3  1.000000    
         3         6         3  1.000000    
         4         6         3  1.000000    
         5         6         3  1.000000    
         6         6         3  1.000000    
         7         6         3  1.000000    
         8         6         3  1.000000    
         9         6         3  1.000000    
        10         6         3  1.000000    
        11         6         3  1.000000    
        12         6         3  1.000000    
        13         6         3  1.000000    
         0         7         3  1.000000    
         1         7         3  1.000000    
         2         7         3  1.000000    
         3         7         3  1.000000    
         4         7         3  1.000000    
         5         7         3  1.000000    
         6         7         3  1.000000    
         7         7         3  1.000000    
         8         7         3  1.000000    
         9         7         3  1.000000    
        10         7         3  1.000000    
        11         7         3  1.000000    
        12         7         3  1.000000    
        13         7         3  1.000000    
         0         0         4 0.6315958    
         1         0         4 0.7961935    
         2         0         4  1.088765    
         3         0         4  1.256878    
         4         0         4  1.410267    
         5         0         4  1.454378    
         6         0         4  1.477604    
         7         0         4  1.491209    
         8         0         4  1.498973    
         9         0         4  1.494869    
        10         0         4  1.460414    
        11         0         4  1.000000    
        12         0         4  1.000000    
        13         0         4  1.000000    
         0         1         4 0.6515116    
         1         1         4 0.8018956    
         2         1         4  1.053473    
         3         1         4  1.240973    
         4         1         4  1.391449    
         5         1         4  1.437252    
         6         1         4  1.460792    
         7         1         4  1.472488    
         8         1         4  1.477276    
         9         1         4  1.462919    
        10         1         4  1.416007    
        11         1         4  1.000000    
        12         1         4  1.000000    
        13         1         4  1.000000    
         0         2         4 0.6496767    
         1         2         4 0.7846697    
         2         2         4  1.055525    
         3         2         4  1.205623    
         4         2         4  1.364734    
         5         2         4  1.416660    
         6         2         4  1.447313    
         7         2         4  1.456358    
         8         2         4  1.456418    
         9         2         4  1.426021    
        10         2         4  1.000000    
        11         2         4  1.000000    
        12         2         4  1.000000    
        13         2         4  1.000000    
         0         3         4 0.6477229    
         1         3         4 0.7536411    
         2         3         4 0.9848365    
         3         3         4  1.129114    
         4         3         4  1.353612    
         5         3         4  1.390577    
         6         3         4  1.417240    
         7         3         4  1.425659    
         8         3         4  1.413498    
         9         3         4 0.5342336    
        10         3         4  1.000000    
        11         3         4  1.000000    
        12         3         4  1.000000    
        13         3         4  1.000000    
         0         4         4 0.6355681    
         1         4         4 0.6566094    
         2         4         4 0.9316630    
         3         4         4  1.037556    
         4         4         4  1.261672    
         5         4         4  1.303448    
         6         4         4  1.315334    
         7         4         4  1.330806    
         8         4         4  1.314115    
         9         4         4  1.000000    
        10         4         4  1.000000    
        11         4         4  1.000000    
        12         4         4  1.000000    
        13         4         4  1.000000    
         0         5         4 0.5869905    
         1         5         4 0.2559832    
         2         5         4 0.6311218    
         3         5         4 0.5956314    
         4         5         4  1.032856    
         5         5         4  1.082060    
         6         5         4  1.000000    
         7         5         4  1.000000    
         8         5         4  1.000000    
         9         5         4  1.000000    
        10         5         4  1.000000    
        11         5         4  1.000000    
        12         5         4  1.000000    
        13         5         4  1.000000    
         0         6         4 0.3296256    
         1         6         4-0.4401253    
         2         6         4 -1.465766    
         3         6         4  1.000000    
         4         6         4  1.000000    
         5         6         4  1.000000    
         6         6         4  1.000000    
         7         6         4  1.000000    
         8         6         4  1.000000    
         9         6         4  1.000000    
        10         6         4  1.000000    
        11         6         4  1.000000    
        12         6         4  1.000000    
        13         6         4  1.000000    
         0         7         4  1.000000    
         1         7         4  1.000000    
         2         7         4  1.000000    
         3         7         4  1.000000    
         4         7         4  1.000000    
         5         7         4  1.000000    
         6         7         4  1.000000    
         7         7         4  1.000000    
         8         7         4  1.000000    
         9         7         4  1.000000    
        10         7         4  1.000000    
        11         7         4  1.000000    
        12         7         4  1.000000    
        13         7         4  1.000000    
         0         0         5 0.6478686    
         1         0         5 0.8177475    
         2         0         5  1.086310    
         3         0         5  1.241480    
         4         0         5  1.412803    
         5         0         5  1.449059    
         6         0         5  1.479029    
         7         0         5  1.489830    
         8         0         5  1.493157    
         9         0         5  1.490728    
        10         0         5  1.478678    
        11         0         5  1.000000    
        12         0         5  1.000000    
        13         0         5  1.000000    
         0         1         5 0.6467181    
         1         1         5 0.8310207    
         2         1         5  1.064950    
         3         1         5  1.223306    
         4         1         5  1.383634    
         5         1         5  1.430643    
         6         1         5  1.458217    
         7         1         5  1.474001    
         8         1         5  1.476288    
         9         1         5  1.460073    
        10         1         5  1.000000    
        11         1         5  1.000000    
        12         1         5  1.000000    
        13         1         5  1.000000    
         0         2         5 0.6574795    
         1         2         5 0.7923778    
         2         2         5  1.041348    
         3         2         5  1.191379    
         4         2         5  1.391904    
         5         2         5  1.419034    
         6         2         5  1.443597    
         7         2         5  1.454626    
         8         2         5  1.454382    
         9         2         5  1.419401    
        10         2         5  1.000000    
        11         2         5  1.000000    
        12         2         5  1.000000    
        13         2         5  1.000000    
         0         3         5 0.6576068    
         1         3         5 0.7868899    
         2         3         5  1.011486    
         3         3         5  1.143966    
         4         3         5  1.355268    
         5         3         5  1.389797    
         6         3         5  1.411874    
         7         3         5  1.421841    
         8         3         5  1.420427    
         9         3         5  1.000000    
        10         3         5  1.000000    
        11         3         5  1.000000    
        12         3         5  1.000000    
        13         3         5  1.000000    
         0         4         5 0.6382994    
         1         4         5 0.7339699    
         2         4         5 0.9573315    
         3         4         5  1.068491    
         4         4         5  1.287652    
         5         4         5  1.330520    
         6         4         5  1.376784    
         7         4         5  1.395838    
         8         4         5  1.355756    
         9         4         5  1.000000    
        10         4         5  1.000000    
        11         4         5  1.000000    
        12         4         5  1.000000    
        13         4         5  1.000000    
         0         5         5 0.6309350    
         1         5         5 0.5716102    
         2         5         5 0.7959651    
         3         5         5 0.8821616    
         4         5         5  1.214646    
         5         5         5  1.248713    
         6         5         5  1.534234    
         7         5         5  1.000000    
         8         5         5  1.000000    
         9         5         5  1.000000    
        10         5         5  1.000000    
        11         5         5  1.000000    
        12         5         5  1.000000    
        13         5         5  1.000000    
         0         6         5 0.4943637    
         1         6         5 0.1042761    
         2         6         5 0.6791611    
         3         6         5  1.000000    
         4         6         5  1.000000    
         5         6         5  1.000000    
         6         6         5  1.000000    
         7         6         5  1.000000    
         8         6         5  1.000000    
         9         6         5  1.000000    
        10         6         5  1.000000    
        11         6         5  1.000000    
        12         6         5  1.000000    
        13         6         5  1.000000    
         0         7         5-0.7180188    
         1         7         5  1.000000    
         2         7         5  1.000000    
         3         7         5  1.000000    
         4         7         5  1.000000    
         5         7         5  1.000000    
         6         7         5  1.000000    
         7         7         5  1.000000    
         8         7         5  1.000000    
         9         7         5  1.000000    
        10         7         5  1.000000    
        11         7         5  1.000000    
        12         7         5  1.000000    
        13         7         5  1.000000    
         0         0         6 0.6040806    
         1         0         6 0.8401800    
         2         0         6  1.066296    
         3         0         6  1.263560    
         4         0         6  1.397314    
         5         0         6  1.458574    
         6         0         6  1.478335    
         7         0         6  1.492351    
         8         0         6  1.490748    
         9         0         6  1.496640    
        10         0         6  1.000000    
        11         0         6  1.000000    
        12         0         6  1.000000    
        13         0         6  1.000000    
         0         1         6 0.6284068    
         1         1         6 0.8345199    
         2         1         6  1.089112    
         3         1         6  1.218716    
         4         1         6  1.377901    
         5         1         6  1.431362    
         6         1         6  1.461525    
         7         1         6  1.473324    
         8         1         6  1.473353    
         9         1         6  1.534234    
        10         1         6  1.000000    
        11         1         6  1.000000    
        12         1         6  1.000000    
        13         1         6  1.000000    
         0         2         6 0.6510422    
         1         2         6 0.8455344    
         2         2         6  1.091824    
         3         2         6  1.190337    
         4         2         6  1.364672    
         5         2         6  1.407523    
         6         2         6  1.433187    
         7         2         6  1.451968    
         8         2         6  1.453499    
         9         2         6  1.000000    
        10         2         6  1.000000    
        11         2         6  1.000000    
        12         2         6  1.000000    
        13         2         6  1.000000    
         0         3         6 0.6251031    
         1         3         6 0.8118767    
         2         3         6  1.048399    
         3         3         6  1.136885    
         4         3         6  1.337938    
         5         3         6  1.394333    
         6         3         6  1.409112    
         7         3         6  1.427367    
         8         3         6  1.442557    
         9         3         6  1.000000    
        10         3         6  1.000000    
        11         3         6  1.000000    
        12         3         6  1.000000    
        13         3         6  1.000000    
         0         4         6 0.6177395    
         1         4         6 0.7603543    
         2         4         6 0.9674429    
         3         4         6  1.065263    
         4         4         6  1.316549    
         5         4         6  1.347318    
         6         4         6  1.339915    
         7         4         6  1.391376    
         8         4         6  1.534234    
         9         4         6  1.000000    
        10         4         6  1.000000    
        11         4         6  1.000000    
        12         4         6  1.000000    
        13         4         6  1.000000    
         0         5         6 0.6198909    
         1         5         6 0.7166885    
         2         5         6 0.9122413    
         3         5         6 0.9352278    
         4         5         6  1.262366    
         5         5         6  1.284234    
         6         5         6  1.000000    
         7         5         6  1.000000    
         8         5         6  1.000000    
         9         5         6  1.000000    
        10         5         6  1.000000    
        11         5         6  1.000000    
        12         5         6  1.000000    
        13         5         6  1.000000    
         0         6         6 0.5459853    
         1         6         6 0.5812880    
         2         6         6 0.9138632    
         3         6         6  1.000000    
         4         6         6  1.000000    
         5         6         6  1.000000    
         6         6         6  1.000000    
         7         6         6  1.000000    
         8         6         6  1.000000    
         9         6         6  1.000000    
        10         6         6  1.000000    
        11         6         6  1.000000    
        12         6         6  1.000000    
        13         6         6  1.000000    
         0         7         6 0.5520943    
         1         7         6  1.000000    
         2         7         6  1.000000    
         3         7         6  1.000000    
         4         7         6  1.000000    
         5         7         6  1.000000    
         6         7         6  1.000000    
         7         7         6  1.000000    
         8         7         6  1.000000    
         9         7         6  1.000000    
        10         7         6  1.000000    
        11         7         6  1.000000    
        12         7         6  1.000000    
        13         7         6  1.000000    
         0         0         7 0.5331711    
         1         0         7 0.8577252    
         2         0         7  1.082216    
         3         0         7  1.222352    
         4         0         7  1.388602    
         5         0         7  1.426362    
         6         0         7  1.448425    
         7         0         7  1.499098    
         8         0         7  1.471271    
         9         0         7  1.000000    
        10         0         7  1.000000    
        11         0         7  1.000000    
        12         0         7  1.000000    
        13         0         7  1.000000    
         0         1         7 0.5784293    
         1         1         7 0.9024272    
         2         1         7  1.126555    
         3         1         7  1.203336    
         4         1         7  1.370764    
         5         1         7  1.411736    
         6         1         7  1.451856    
         7         1         7  1.431292    
         8         1         7  1.467194    
         9         1         7  1.000000    
        10         1         7  1.000000    
        11         1         7  1.000000    
        12         1         7  1.000000    
        13         1         7  1.000000    
         0         2         7 0.5575297    
         1         2         7 0.8901742    
         2         2         7  1.075695    
         3         2         7  1.162746    
         4         2         7  1.350848    
         5         2         7  1.411896    
         6         2         7  1.431047    
         7         2         7  1.443324    
         8         2         7  1.534234    
         9         2         7  1.000000    
        10         2         7  1.000000    
        11         2         7  1.000000    
        12         2         7  1.000000    
        13         2         7  1.000000    
         0         3         7 0.5336910    
         1         3         7 0.8822259    
         2         3         7  1.065152    
         3         3         7  1.109272    
         4         3         7  1.317039    
         5         3         7  1.387295    
         6         3         7  1.417567    
         7         3         7  1.534234    
         8         3         7  1.000000    
         9         3         7  1.000000    
        10         3         7  1.000000    
        11         3         7  1.000000    
        12         3         7  1.000000    
        13         3         7  1.000000    
         0         4         7 0.5120510    
         1         4         7 0.8231491    
         2         4         7  1.013443    
         3         4         7  1.010970    
         4         4         7  1.264571    
         5         4         7  1.322112    
         6         4         7  1.000000    
         7         4         7  1.000000    
         8         4         7  1.000000    
         9         4         7  1.000000    
        10         4         7  1.000000    
        11         4         7  1.000000    
        12         4         7  1.000000    
        13         4         7  1.000000    
         0         5         7 0.4933091    
         1         5         7 0.7514119    
         2         5         7 0.9956157    
         3         5         7 0.7121997    
         4         5         7  1.000000    
         5         5         7  1.000000    
         6         5         7  1.000000    
         7         5         7  1.000000    
         8         5         7  1.000000    
         9         5         7  1.000000    
        10         5         7  1.000000    
        11         5         7  1.000000    
        12         5         7  1.000000    
        13         5         7  1.000000    
         0         6         7 0.5248190    
         1         6         7 0.6346520    
         2         6         7  1.000000    
         3         6         7  1.000000    
         4         6         7  1.000000    
         5         6         7  1.000000    
         6         6         7  1.000000    
         7         6         7  1.000000    
         8         6         7  1.000000    
         9         6         7  1.000000    
        10         6         7  1.000000    
        11         6         7  1.000000    
        12         6         7  1.000000    
        13         6         7  1.000000    
         0         7         7  1.001357    
         1         7         7  1.000000    
         2         7         7  1.000000    
         3         7         7  1.000000    
         4         7         7  1.000000    
         5         7         7  1.000000    
         6         7         7  1.000000    
         7         7         7  1.000000    
         8         7         7  1.000000    
         9         7         7  1.000000    
        10         7         7  1.000000    
        11         7         7  1.000000    
        12         7         7  1.000000    
        13         7         7  1.000000    
