1   30   1732.75   49.2215   0.973276   1
2   30   170.03   11.8285   0.955529   1
3   30   2616.29   984.24   0.861693   1
4   30   51.9348   45.63   0.736015   2
5   30   51.0453   58.5855   0.708601   2
6   30   1.06773   1.50991   0.701529   2
7   30   887.091   947.05   0.709468   2
8   30   13.3888   20.3384   0.679252   2
9   30   1819.28   547.674   0.894484   1
10   30   64.1399   54.9927   0.736375   2
11   30   100.108   7.8733   0.955078   1
12   30   642.92   909.609   0.692434   2
13   30   59.86   160.26   0.593789   2
14   30   144.123   257.802   0.669163   2
15   30   33.09   158.893   0.507407   2
16   30   16.357   19.9889   0.703425   2
17   30   1.15625e-09   3.35022   0.357875   4
18   30   2.43489   1.57182   0.771213   2
19   30   313.223   1409.98   0.509457   2
20   30   13.2408   201.87   0.389749   4
21   30   12.8703   30.4874   0.629825   2
22   30   12.1537   5.64933   0.83558   1
23   30   10.2078   116.898   0.432059   4
24   30   45.2386   232.633   0.505507   2
25   30   26.6848   68.3801   0.600503   2
26   30   30.5518   173.695   0.504959   2
27   30   2.93756   3.2189   0.709401   2
28   30   10.9503   15.9093   0.690653   2
29   30   2.41073   3.43586   0.692367   2
30   30   0   100000   0.355102   4
31   30   0   100000   0.355102   4
32   30   133.026   118.8   0.734876   2
33   30   4.97838   6.37584   0.701901   2
34   30   173.322   278.338   0.672878   2
35   30   2.41857e-10   14.8555   0.357233   4
36   30   487.072   318.991   0.766121   2
37   30   82.2967   101.66   0.702863   2
38   30   155.568   45.2599   0.92405   1
39   30   51.3866   90.589   0.670792   2
40   30   375.911   698.276   0.661292   2
41   30   706.696   1345.43   0.650819   2
42   30   28.0729   239.256   0.462524   3
43   30   61.423   201.465   0.552957   2
44   30   38.472   54.272   0.701562   2
45   30   74.8184   733.385   0.446929   4
46   30   0.592802   93.5333   0.359056   4
47   30   1.20236e-10   76.6334   0.356709   4
48   30   146.51   382.997   0.597096   2
49   30   9.40009e-09   21.946   0.358443   4
50   30   25.7694   210.576   0.472945   3
51   30   166.765   1371.59   0.463705   3
52   30   3.47638   77.1387   0.367204   4
1   31   2642.67   236.802   0.943076   1
2   31   241.795   48.3794   0.931468   1
3   31   4021.27   2793.33   0.740331   2
4   31   75.8272   162.958   0.630208   2
5   31   1.59502   9.21477   0.501844   2
6   31   105.565   44.5263   0.859449   1
7   31   1220.38   2949.93   0.604365   2
8   31   31.4415   146.834   0.508179   2
9   31   2729.96   1700.6   0.771195   2
10   31   112.861   205.731   0.667324   2
11   31   180.891   51.2714   0.927062   1
12   31   903.193   3766.62   0.524696   2
13   31   54.5394   322.618   0.490362   3
14   31   252.897   757.704   0.571495   2
15   31   29.2044   342.47   0.426023   4
16   31   16.2684   11.7153   0.740412   2
17   31   2.94888e-11   8.60041   0.356925   4
18   31   4.33305   5.14718   0.703497   2
19   31   496.091   2897.56   0.491664   3
20   31   128.927   1492.92   0.427214   4
21   31   9.02923   202.676   0.366756   4
22   31   11.7061   8.7739   0.740303   2
23   31   15.5948   529.032   0.363208   4
24   31   0   193.576   0.354643   4
25   31   141.814   1234.82   0.45677   3
26   31   3.3633   171.588   0.359596   4
27   31   0.674534   63.4153   0.359251   4
28   31   27.7083   444.849   0.380912   4
29   31   43.3154   118.76   0.592788   2
30   31   0   100000   0.354643   4
31   31   0   100000   0.354643   4
32   31   117.95   171.126   0.690892   2
33   31   7.17749   37.3081   0.505434   2
34   31   203.861   623.246   0.56769   2
35   31   62.71   413.611   0.481465   3
36   31   675.622   985.923   0.680449   2
37   31   124.778   712.834   0.502086   2
38   31   252.377   191.651   0.738169   2
39   31   71.7494   175.087   0.603588   2
40   31   691.122   2028.85   0.575951   2
41   31   709.067   2257.56   0.554913   2
42   31   104.288   1598.76   0.38505   4
43   31   63.1233   164.263   0.599624   2
44   31   90.9209   226.472   0.602312   2
45   31   319.468   3398.82   0.433954   4
46   31   94.5972   925.74   0.449628   4
47   31   46.0648   988.922   0.375126   4
48   31   101.906   835.702   0.468963   3
49   31   2.19879e-09   117.43   0.357252   4
50   31   10.615   166.894   0.382268   4
51   31   56.8823   820.041   0.395542   4
52   31   45.006   704.4   0.382813   4
1   32   1915.47   125.658   0.955853   1
2   32   187.093   27.5637   0.940293   1
3   32   2872.07   1598.07   0.800723   1
4   32   72.6426   91.9489   0.702001   2
5   32   80.2104   118.104   0.679358   2
6   32   57.652   22.0392   0.861111   1
7   32   810.866   1724.65   0.631565   2
8   32   27.2745   89.837   0.552515   2
9   32   1819.99   823.464   0.835796   1
10   32   75.2715   116.271   0.67563   2
11   32   118.171   24.5603   0.929709   1
12   32   310.26   737.628   0.623908   2
13   32   31.2289   96.7428   0.567478   2
14   32   111.605   389.629   0.550309   2
15   32   17.3725   99.7877   0.501884   2
16   32   7.08939   42.1362   0.490274   3
17   32   3.71832   7.63707   0.650677   2
18   32   2.64259e-10   10.2498   0.357619   4
19   32   186.205   803.626   0.521827   2
20   32   32.455   277.286   0.461568   3
21   32   2.77759   30.0651   0.433819   4
22   32   2.2715   2.56215   0.709352   2
23   32   15.1075   43.5361   0.59246   2
24   32   57.5795   257.459   0.514082   2
25   32   32.7144   107.15   0.554281   2
26   32   16.3647   128.209   0.476325   3
27   32   14.3477   157.646   0.43312   4
28   32   5.00878   12.2698   0.603581   2
29   32   21.7676   46.4366   0.631164   2
30   32   0   100000   0.354643   4
31   32   0   100000   0.354643   4
32   32   144.985   222.349   0.676757   2
33   32   0.0574729   42.9372   0.358784   4
34   32   75.5071   188.522   0.600781   2
35   32   3.67328   80.9713   0.367437   4
36   32   415.197   490.348   0.703562   2
37   32   33.9171   122.545   0.549226   2
38   32   134.035   110.088   0.73723   2
39   32   0.269291   59.54   0.358922   4
40   32   305.539   880.874   0.587558   2
41   32   361.182   768.112   0.643836   2
42   32   8.15667e-10   124.843   0.356934   4
43   32   15.2441   212.823   0.420925   4
44   32   0.910619   0.24208   0.929779   1
45   32   474.047   6783.05   0.397531   4
46   32   9.90124   355.826   0.360731   4
47   32   53.8607   396.217   0.478127   3
48   32   19.425   121.317   0.489827   3
49   32   32.4015   208.685   0.489044   3
50   32   7.89297   152.872   0.377914   4
51   32   46.4302   558.023   0.424345   4
52   32   37.9555   300.324   0.473796   3
1   33   550.3   85.1694   0.934596   1
2   33   43.0922   24.0286   0.800417   1
3   33   859.673   915.769   0.718257   2
4   33   8.84257e-10   23.3597   0.357683   4
5   33   7.26514   14.5636   0.650787   2
6   33   4.15299   31.5986   0.47797   3
7   33   261.904   973.182   0.543805   2
8   33   10.5031   21.9013   0.650653   2
9   33   559.353   518.621   0.728993   2
10   33   24.1235   112.033   0.508738   2
11   33   25.054   15.3537   0.800104   1
12   33   132.509   589.493   0.519083   2
13   33   15.0561   219.953   0.394918   4
14   33   15.229   12.8016   0.737256   2
15   33   5.47144   223.35   0.36009   4
16   33   1.53961e-11   0.0325152   0.358502   4
17   33   3.66998   10.9058   0.575913   2
18   33   1.82284   5.65302   0.567435   2
19   33   128.865   1160.97   0.453002   4
20   33   26.5261   395.884   0.393571   4
21   33   37.0205   292.116   0.475165   3
22   33   3.33989e-12   2.58637   0.356719   4
23   33   17.8696   447.72   0.364951   4
24   33   6.82766   159.636   0.366364   4
25   33   31.8   245.135   0.476855   3
26   33   9.37544   47.254   0.506666   2
27   33   9.12361e-12   10.6076   0.356673   4
28   33   1.16334   71.2425   0.359412   4
29   33   16.8018   56.9227   0.552243   2
30   33   0   100000   0.354643   4
31   33   0   100000   0.354643   4
32   33   6.16724   69.8159   0.432437   4
33   33   2.91654e-09   39.823   0.357691   4
34   33   58.0752   389.622   0.479922   3
35   33   1.73206e-07   96.6368   0.358502   4
36   33   154.108   411.211   0.594484   2
37   33   14.476   163.852   0.432649   4
38   33   66.4897   115.461   0.671554   2
39   33   3.93642   58.2084   0.394815   4
40   33   200.739   1318.28   0.4835   3
41   33   197.792   884.105   0.51521   2
42   33   12.2226   159.729   0.423896   4
43   33   17.4742   601.547   0.361675   4
44   33   30.7537   150.388   0.506725   2
45   33   129.255   2822.93   0.367739   4
46   33   41.0218   557.344   0.421703   4
47   33   18.6556   283.319   0.390362   4
48   33   49.111   741.698   0.391197   4
49   33   19.5634   378.017   0.37836   4
50   33   2.36236e-11   568.02   0.355102   4
51   33   37.8509   635.944   0.379378   4
52   33   8.58475e-08   213.011   0.357886   4
1   40   1861.51   111.425   0.953545   1
2   40   189.69   28.0232   0.945659   1
3   40   1933.3   928.598   0.798548   2
4   40   34.8707   48.2525   0.639761   2
5   40   39.5112   98.0914   0.523365   2
6   40   44.3237   22.2193   0.798601   2
7   40   433.484   503.284   0.760303   2
8   40   20.4467   44.8296   0.531154   2
9   40   1474.74   622.329   0.819902   1
10   40   48.5691   65.5783   0.64009   2
11   40   72.3438   14.0457   0.941682   1
12   40   393.583   952.847   0.525065   2
13   40   27.5904   271.596   0.29107   4
14   40   26.9864   152.199   0.447514   3
15   40   12.3913   145.813   0.252412   4
16   40   14.7993   16.7234   0.772093   2
17   40   1.71068e-12   0.307539   0.115388   4
18   40   10.4485   17.8363   0.631906   2
19   40   0   100000   0.115172   4
20   40   0   100000   0.115172   4
21   40   0   100000   0.115172   4
22   40   15.6614   19.497   0.651194   2
23   40   4.72473e-12   4.79416   0.115388   4
24   40   0   5.28883   0.115164   4
25   40   0   100000   0.115164   4
26   40   0   100000   0.115164   4
27   40   0   100000   0.115164   4
28   40   15.8088   89.9661   0.44695   3
29   40   15.0759   39.4061   0.522546   2
30   40   0   100000   0.115164   4
31   40   0   100000   0.115164   4
32   40   56.8752   67.3897   0.663758   2
33   40   14.6916   21.7814   0.635711   2
34   40   88.3064   249.415   0.517852   2
35   40   13.1845   46.316   0.507895   2
36   40   394.768   378.892   0.781904   2
37   40   29.6546   95.9685   0.517635   2
38   40   111.507   64.9589   0.797521   2
39   40   15.7913   67.4008   0.487508   3
40   40   249.096   508.112   0.551971   2
41   40   258.929   517.175   0.554563   2
42   40   36.0444   406.779   0.264693   4
43   40   5.47522   44.164   0.351789   3
44   40   26.0105   46.8029   0.593395   2
45   40   0   100000   0.115164   4
46   40   0   100000   0.115164   4
47   40   0   100000   0.115164   4
48   40   2.33039   11.79   0.474644   3
49   40   1.62922e-13   0.032936   0.115389   4
50   40   8.14608e-14   0.24366   0.115279   4
51   40   0   100000   0.115164   4
52   40   19.9211   144.108   0.354638   3
1   41   2987.06   836.964   0.85532   1
2   41   227.459   315.138   0.635951   2
3   41   2482.45   4409.62   0.593681   2
4   41   13.1924   21.7306   0.633384   2
5   41   51.6555   598.017   0.252729   4
6   41   49.1901   205.816   0.488068   3
7   41   1232.88   7346.38   0.416308   3
8   41   60.339   351.441   0.444651   3
9   41   1702.66   3250.34   0.57376   2
10   41   134.56   535.071   0.502133   2
11   41   89.9471   133.725   0.634329   2
12   41   222.328   3185.56   0.195251   4
13   41   235.354   3380.27   0.194103   4
14   41   227.191   2096.29   0.304467   4
15   41   77.7142   1007.04   0.242328   4
16   41   43.0294   233.839   0.458449   3
17   41   12.9174   114.9   0.308154   3
18   41   24.8283   252.051   0.29072   4
19   41   0   100000   0.115164   4
20   41   0   100000   0.115164   4
21   41   0   100000   0.115164   4
22   41   25.1201   91.3016   0.504956   2
23   41   1.48894e-09   29.1287   0.115388   4
24   41   5.28092   13.466   0.522389   2
25   41   0   100000   0.115164   4
26   41   0   100000   0.115164   4
27   41   0   100000   0.115164   4
28   41   14.4087   582.017   0.115858   4
29   41   1.26059   137.13   0.11562   4
30   41   0   100000   0.115164   4
31   41   0   100000   0.115164   4
32   41   81.4541   638.015   0.351908   3
33   41   13.0226   184.528   0.195952   4
34   41   350.851   3409.62   0.291528   4
35   41   15.2649   317.805   0.126267   4
36   41   425.557   1709.95   0.491441   3
37   41   56.4993   828.847   0.183141   4
38   41   142.674   313.255   0.530089   2
39   41   17.1912   175.526   0.283022   4
40   41   1022.48   11635   0.254813   4
41   41   730.84   7457.86   0.283242   4
42   41   281.077   4923.74   0.149662   4
43   41   21.0247   487.812   0.120999   4
44   41   52.5545   383.648   0.35398   3
45   41   0   100000   0.115164   4
46   41   0   100000   0.115164   4
47   41   0   100000   0.115164   4
48   41   3.33288e-07   37.2322   0.1156   4
49   41   6.76125e-12   0.280738   0.115395   4
50   41   0   0.685047   0.115164   4
51   41   0   100000   0.115164   4
52   41   21.6843   998.988   0.115632   4
1   42   2298.08   702.589   0.835945   1
2   42   234.709   263.882   0.77299   2
3   42   2018.08   4133.37   0.531211   2
4   42   70.8051   355.533   0.474969   3
5   42   48.6561   361.753   0.352956   3
6   42   33.1915   175.975   0.468508   3
7   42   728.989   6068.01   0.340409   3
8   42   61.2419   529.523   0.331599   3
9   42   1300.54   2511.64   0.557347   2
10   42   37.3429   425.723   0.254391   4
11   42   64.0226   102.373   0.633362   2
12   42   174.915   3075.68   0.148677   4
13   42   52.3498   1213.14   0.120985   4
14   42   125.687   1699.04   0.220325   4
15   42   60.6534   1900.67   0.117042   4
16   42   0.404417   1.29451   0.517838   2
17   42   6.68386e-10   154.746   0.115386   4
18   42   42.1658   405.34   0.296415   4
19   42   0   100000   0.115164   4
20   42   0   100000   0.115164   4
21   42   0   100000   0.115164   4
22   42   6.83406   25.9795   0.504778   2
23   42   0.105321   39.5527   0.115597   4
24   42   4.07385e-10   24.4462   0.115414   4
25   42   0   100000   0.115164   4
26   42   0   100000   0.115164   4
27   42   0   100000   0.115164   4
28   42   6.81486   157.156   0.12109   4
29   42   54.8012   657.187   0.25105   4
30   42   0   100000   0.115164   4
31   42   0   100000   0.115164   4
32   42   101.229   1154.24   0.253388   4
33   42   33.0423   126.252   0.50432   2
34   42   143.461   1892.14   0.22183   4
35   42   37.1469   878.16   0.118743   4
36   42   204.987   1213.44   0.439226   3
37   42   52.7544   937.257   0.144384   4
38   42   91.3266   324.066   0.505719   2
39   42   35.905   765.363   0.125193   4
40   42   855.708   8993.81   0.27117   4
41   42   370.964   5399.13   0.192227   4
42   42   208.795   4207.64   0.126413   4
43   42   1.5082e-08   276.268   0.115411   4
44   42   35.1441   465.064   0.221616   4
45   42   0   100000   0.115164   4
46   42   0   100000   0.115164   4
47   42   0   100000   0.115164   4
48   42   2.44382e-12   23.7266   1   1
49   42   2.44382e-13   0.513375   0.115293   4
50   42   3.82866e-11   1.16228   0.115396   4
51   42   0   100000   0.115164   4
52   42   78.0362   1178.2   0.181262   4
1   43   317.033   373.72   0.664117   2
2   43   35.4165   187.511   0.469423   3
3   43   278.452   1550.61   0.448755   3
4   43   10.054   105.518   0.282901   4
5   43   0.218509   112.887   0.115589   4
6   43   2.24832e-11   99.0046   0.115278   4
7   43   170.559   2838.17   0.151847   4
8   43   2.39993   81.0901   0.116579   4
9   43   179.547   1185.13   0.356679   3
10   43   33.4071   549.618   0.153738   4
11   43   9.31115   46.8429   0.474854   3
12   43   124.735   2954.04   0.118596   4
13   43   113.837   2197.37   0.129417   4
14   43   28.3392   617.75   0.124605   4
15   43   44.7285   711.396   0.156641   4
16   43   14.2383   119.615   0.340156   3
17   43   9.18509e-08   131.311   0.115465   4
18   43   25.8645   413.424   0.156636   4
19   43   0   100000   0.115164   4
20   43   0   100000   0.115164   4
21   43   0   100000   0.115164   4
22   43   3.9842   35.9589   0.308152   4
23   43   5.77537   35.4641   0.391632   3
24   43   1.31788   10.3015   0.352967   3
25   43   0   100000   0.115164   4
26   43   0   100000   0.115164   4
27   43   0   100000   0.115164   4
28   43   19.0228   571.158   0.117127   4
29   43   21.5627   406.916   0.138899   4
30   43   0   100000   0.115164   4
31   43   0   100000   1   1
32   43   38.3576   765.102   0.126644   4
33   43   0.200035   14.1355   0.115625   4
34   43   85.3082   1452.11   0.150664   4
35   43   65.354   839.277   0.243524   4
36   43   13.2708   76.7403   0.446592   3
37   43   16.1185   432.712   0.117162   4
38   43   12.9178   149.631   0.252607   4
39   43   4.60295   333.384   0.115656   4
40   43   292.604   3637.15   0.244915   4
41   43   150.673   3940.12   0.117364   4
42   43   64.7464   1018.91   0.156764   4
43   43   14.6339   210.292   0.194141   4
44   43   0.652078   49.7865   0.115615   4
45   43   0   100000   0.115164   4
46   43   0   100000   0.115164   4
47   43   0   100000   0.115164   4
48   43   0.481334   13.2839   0.117116   4
49   43   4.80619e-12   0.686135   0.115417   4
50   43   1.21377e-11   0.627635   0.115413   4
51   43   0   100000   0.115164   4
52   43   24.1307   946.202   0.116066   4
1   50   1521.4   386.729   0.900281   1
2   50   123.802   107.041   0.794221   2
3   50   1456.61   1732.41   0.651523   2
4   50   37.6435   164.03   0.486472   3
5   50   29.5617   171.906   0.445487   3
6   50   35.8919   84.0107   0.529719   2
7   50   270.115   655.941   0.52391   2
8   50   26.9596   168.228   0.391682   3
9   50   897.54   1140.74   0.640627   2
10   50   31.193   107.679   0.5176   2
11   50   89.671   55.3516   0.797154   2
12   50   145.586   591.078   0.489082   3
13   50   145.612   1803.56   0.247592   4
14   50   134.266   636.832   0.480346   3
15   50   65.4489   409.56   0.390376   3
16   50   5.04966   74.5402   0.183077   4
17   50   3.00458   31.9203   0.269227   4
18   50   36.878   195.077   0.470858   3
19   50   0   100000   0.115164   4
20   50   0   100000   0.115164   4
21   50   0   100000   0.115164   4
22   50   18.9011   95.5185   0.474646   3
23   50   1.40927e-11   29.2558   0.115294   4
24   50   10.3821   15.5676   0.634176   2
25   50   0   100000   0.115164   4
26   50   0   100000   0.115164   4
27   50   0   100000   0.115164   4
28   50   17.6978   105.379   0.438857   3
29   50   1.38113e-07   141.14   0.115487   4
30   50   0   100000   0.115164   4
31   50   0   100000   0.115164   4
32   50   65.0505   259.173   0.500613   2
33   50   15.8946   70.6034   0.486229   3
34   50   199.686   955.754   0.475843   3
35   50   25.3971   158.553   0.391438   3
36   50   104.449   262.916   0.522468   2
37   50   21.7564   288.88   0.221438   4
38   50   62.3006   104.181   0.632202   2
39   50   25.4225   119.44   0.483823   3
40   50   355.047   1908.33   0.459434   3
41   50   551.552   4714.76   0.332694   3
42   50   87.1475   1126.91   0.242857   4
43   50   27.9111   413.177   0.183019   4
44   50   20.2304   113.483   0.448181   3
45   50   0   100000   0.115164   4
46   50   0   100000   0.115164   4
47   50   0   100000   0.115164   4
48   50   15.9964   92.9841   0.446347   3
49   50   1.77992e-10   0.638549   0.11545   4
50   50   1.23006e-11   0.736574   0.115405   4
51   50   0   100000   0.115164   4
52   50   63.2164   916.536   0.193949   4
1   51   2505.86   2951.4   0.669893   2
2   51   96.0041   438.739   0.483906   3
3   51   590.829   2060.12   0.507943   2
4   51   104.86   959.437   0.306559   4
5   51   136.665   1465.32   0.267487   4
6   51   95.9747   692.957   0.355004   3
7   51   1995.46   27267   0.202928   4
8   51   4.22782e-11   673.711   0.115167   4
9   51   1881.49   12211.3   0.36089   3
10   51   202.008   2472.1   0.248758   4
11   51   145.576   745.532   0.47154   3
12   51   470.141   6138.99   0.238495   4
13   51   325.391   6197.45   0.136014   4
14   51   561.17   7592.25   0.216347   4
15   51   563.572   10826.8   0.134556   4
16   51   9.16114e-07   153.093   0.115524   4
17   51   14.8874   94.8921   0.390161   3
18   51   72.9182   2400.09   0.116574   4
19   51   0   100000   0.115164   4
20   51   0   100000   0.115164   4
21   51   0   100000   0.115164   4
22   51   43.5421   554.92   0.244269   4
23   51   12.0212   146.046   0.250884   4
24   51   9.65118   82.9035   0.332498   3
25   51   0   100000   0.115164   4
26   51   0   100000   0.115164   4
27   51   0   100000   0.115164   4
28   51   239.674   5329.01   0.124346   4
29   51   95.7337   1739.72   0.140932   4
30   51   0   100000   0.115164   4
31   51   0   100000   0.115164   4
32   51   200.85   3042.43   0.167746   4
33   51   56.6156   960.705   0.151034   4
34   51   752.472   11389.7   0.168357   4
35   51   341.401   6599.29   0.128989   4
36   51   525.498   9380.75   0.14241   4
37   51   142.501   3264.92   0.121078   4
38   51   145.721   961.597   0.359517   3
39   51   172.655   2619.66   0.167099   4
40   51   2530.19   38222.4   0.170656   4
41   51   2908.42   55928.6   0.129461   4
42   51   750.765   16324.3   0.124643   4
43   51   80.9416   2836.01   0.116384   4
44   51   141.159   1934   0.202177   4
45   51   0   100000   0.115164   4
46   51   0   100000   0.115164   4
47   51   0   100000   0.115164   4
48   51   7.21594e-08   257.328   0.115449   4
49   51   5.46602e-11   9.57271   0.115394   4
50   51   1.57317e-09   6.45397   0.115453   4
51   51   0   100000   0.115164   4
52   51   482.406   9362.48   0.128427   4
1   52   2022.26   2376.56   0.709922   2
2   52   151.134   836.491   0.45414   3
3   52   1630.37   9807.83   0.39164   3
4   52   162.769   1729.23   0.269202   4
5   52   131.227   2302.88   0.14906   4
6   52   59.9056   759.085   0.244263   4
7   52   1767.13   23177   0.223169   4
8   52   47.4688   1251.19   0.117183   4
9   52   1615.36   14118.3   0.308213   3
10   52   140.997   1918.08   0.215263   4
11   52   16.4563   15.3536   0.793511   2
12   52   1006.56   14157   0.196056   4
13   52   743.469   14737.9   0.126616   4
14   52   205.438   3218.26   0.163548   4
15   52   296.138   6600.04   0.123872   4
16   52   32.8539   166.706   0.473859   3
17   52   50.6682   545.988   0.26702   4
18   52   220.157   3658.7   0.152264   4
19   52   0   100000   0.115164   4
20   52   0   100000   0.115164   4
21   52   0   100000   0.115164   4
22   52   9.7955   139.922   0.195952   4
23   52   0.696784   203.094   0.115608   4
24   52   16.2303   103.898   0.390002   3
25   52   0   100000   0.115164   4
26   52   0   100000   0.115164   4
27   52   0   100000   0.115164   4
28   52   20.8073   905.32   0.115718   4
29   52   52.2428   588.969   0.264944   4
30   52   0   100000   0.115164   4
31   52   0   100000   0.115164   4
32   52   248.164   4211.02   0.151203   4
33   52   3.83765e-06   524.007   1   1
34   52   313.171   7877.14   0.11807   4
35   52   494.366   7557.72   0.165142   4
36   52   417.881   3863.72   0.29841   4
37   52   160.392   2840.61   0.144565   4
38   52   182.881   1920.38   0.280623   4
39   52   90.4618   1001.49   0.26551   4
40   52   1768.03   25895.2   0.18361   4
41   52   2098.82   33026   0.156994   4
42   52   394.094   8244.8   0.12565   4
43   52   311.563   7312.6   0.118789   4
44   52   56.5509   2180.86   0.116111   4
45   52   0   100000   0.115164   4
46   52   0   100000   1   1
47   52   0   100000   0.115164   4
48   52   9.50405   152.714   0.156443   4
49   52   4.86239e-10   12.9164   0.115401   4
50   52   0.595932   6.25023   0.283041   4
51   52   0   100000   0.115164   4
52   52   543.447   12619.8   0.119962   4
1   53   196.522   548.437   0.518959   2
2   53   26.2827   286.717   0.26678   4
3   53   446.806   7358.79   0.152558   4
4   53   76.4376   905.88   0.251531   4
5   53   6.60647e-10   814.693   0.115293   4
6   53   1.55128   38.9276   0.118591   4
7   53   803.492   15249.1   0.136871   4
8   53   42.3821   1091.82   0.117696   4
9   53   309.831   4604.03   0.181669   4
10   53   82.6753   1703.58   0.126306   4
11   53   9.13658   231.578   0.118034   4
12   53   968.272   15675.3   0.153826   4
13   53   389.97   9081.87   0.119382   4
14   53   104.35   3420.41   0.116812   4
15   53   334.394   5954.04   0.143619   4
16   53   40.0447   553.587   0.202081   4
17   53   5.78372e-12   18.4521   0.115281   4
18   53   157.691   2824.94   0.14224   4
19   53   0   100000   0.115164   4
20   53   0   100000   0.115164   4
21   53   0   100000   0.115164   4
22   53   6.35807   173.875   0.117123   4
23   53   3.97124e-07   159.798   0.115493   4
24   53   3.01405e-12   61.4699   0.115172   4
25   53   0   100000   0.115164   4
26   53   0   100000   0.115164   4
27   53   0   100000   0.115164   4
28   53   164.255   3188.45   0.127883   4
29   53   141.346   1323.44   0.296844   4
30   53   0   100000   0.115164   4
31   53   0   100000   0.115164   4
32   53   174.928   3203.78   0.14073   4
33   53   13.0024   514.838   0.115931   4
34   53   258.139   4008.64   0.164162   4
35   53   58.6048   1912.51   0.116894   4
36   53   129.259   2409.68   0.140346   4
37   53   187.062   4797.8   0.117755   4
38   53   60.8296   1191.6   0.127723   4
39   53   54.8158   877.232   0.156453   4
40   53   645.624   12073.5   0.138926   4
41   53   1206.86   27588.8   0.121396   4
42   53   1196.04   21078.9   0.144881   4
43   53   384.72   6895.98   0.141229   4
44   53   32.3344   671.016   0.126238   4
45   53   0   100000   0.115164   4
46   53   0   100000   0.115164   4
47   53   0   100000   0.115164   4
48   53   4.1545e-11   110.965   0.11529   4
49   53   0.345833   12.2262   0.116363   4
50   53   3.09551e-11   4.9799   0.115409   4
51   53   0   100000   0.115164   4
52   53   306.69   6437.73   0.125355   4
1   20   990.151   580.752   0.763798   2
2   20   126.156   407.465   0.35283   3
3   20   1120.95   6334.93   0.311006   3
4   20   64.1014   776.543   0.205209   4
5   20   10.4857   520.715   0.0998418   4
6   20   20.9163   303.235   0.151658   4
7   20   606.309   8074.57   0.182294   4
8   20   26.2075   894.439   1   1
9   20   897.96   5240.01   0.303466   3
10   20   35.827   492.337   0.181169   4
11   20   66.829   132.815   0.698617   2
12   20   200.858   4269.9   0.10579   4
13   20   43.6509   1870.1   0.0998402   4
14   20   120.904   1285.09   0.222285   4
15   20   161.65   2572.74   0.139551   4
16   20   23.2926   237.127   0.227907   4
17   20   12.1038   135.392   0.216811   4
18   20   41.4902   708.99   0.132441   4
19   20   0   100000   0.100499   4
20   20   0   100000   0.100499   4
21   20   0   100000   0.100499   4
22   20   5.6629   255.436   0.0998376   4
23   20   18.0156   376.45   0.106779   4
24   20   37.7064   420.122   0.216875   4
25   20   0   100000   0.100499   4
26   20   0   100000   0.100499   4
27   20   0   100000   0.100499   4
28   20   27.652   1403.83   0.0996259   4
29   20   27.4596   463.17   0.133194   4
30   20   0   100000   0.100499   4
31   20   450.64   2417.1   0.319431   3
32   20   158.007   2934.9   0.119126   4
33   20   6.8313e-10   477.597   0.100487   4
34   20   191.145   3098.01   0.138698   4
35   20   29.3618   401.726   0.182042   4
36   20   248.479   2871.83   0.205814   4
37   20   112.383   2763.09   0.103381   4
38   20   40.9858   911.866   0.104766   4
39   20   34.3123   1396.71   0.0998613   4
40   20   465.532   7609.46   0.136465   4
41   20   814.041   12328.1   0.143433   4
42   20   154.381   3629.32   0.10433   4
43   20   105.391   1228.29   0.205485   4
44   20   2.27326e-06   860.766   0.0998428   4
45   20   0   100000   0.100499   4
46   20   0   100000   0.100499   4
47   20   0   100000   0.100499   4
48   20   309.519   5893.09   0.114471   4
49   20   30.2612   228.882   0.269352   3
50   20   1.36288   143.832   0.0994344   4
51   20   0   100000   0.100499   4
52   20   106.531   1844.94   0.13235   4
53   20   0   100000   0.100499   4
1   21   7236.28   2078.9   0.783186   2
2   21   714.704   1003.66   0.703623   2
3   21   10603   26494.5   0.418513   3
4   21   159.481   1317.87   0.267441   3
5   21   26.5813   1012.57   0.0998745   4
6   21   159.036   508.796   0.353582   3
7   21   3299.1   30756.2   0.2381   4
8   21   1.38246e-08   217.076   0.100532   4
9   21   6280.89   17808.7   0.367326   3
10   21   30.3694   241.305   0.26874   3
11   21   459.342   487.116   0.743405   2
12   21   1098.88   17143.8   0.139886   4
13   21   144.495   1778.98   0.189648   4
14   21   638.757   5581.89   0.262688   3
15   21   171.127   3843.8   0.104611   4
16   21   6.9266   26.4705   0.342264   3
17   21   35.5678   623.111   0.131531   4
18   21   13.4626   234.485   0.132332   4
19   21   0   100000   0.100499   4
20   21   0   100000   0.100499   4
21   21   0   100000   0.100499   4
22   21   66.4188   521.139   0.269021   3
23   21   69.0827   1436.63   0.107515   4
24   21   5.70236e-05   926.34   0.0994532   4
25   21   0   100000   0.100499   4
26   21   0   100000   0.100499   4
27   21   0   100000   0.100499   4
28   21   4.6369e-08   223.769   0.100573   4
29   21   16.7959   123.253   0.269597   3
30   21   0   100000   0.100499   4
31   21   2741.94   8613.92   0.354148   3
32   21   496.466   5095.9   0.223479   4
33   21   180.455   2637.3   0.151402   4
34   21   1680.8   15891.5   0.230429   4
35   21   194.003   4069.78   0.106441   4
36   21   1978.17   11821.6   0.289166   3
37   21   647.494   10580.6   0.137513   4
38   21   556.799   2787.49   0.322978   3
39   21   523.374   7662.37   0.150217   4
40   21   3070.36   37381.3   0.19003   4
41   21   2715.11   30964   0.206849   4
42   21   986.02   19099.5   0.113015   4
43   21   310.247   5115.4   0.136211   4
44   21   39.2503   230.702   0.303154   3
45   21   0   100000   0.100499   4
46   21   0   100000   0.100499   4
47   21   0   100000   0.100499   4
48   21   1449.93   28170.2   0.110407   4
49   21   316.547   4918.99   0.141511   4
50   21   35.1134   463.06   0.184886   4
51   21   0   100000   0.100499   4
52   21   90.7253   1032.51   0.216232   4
53   21   0   100000   0.100499   4
1   22   2419.4   10598.9   0.327604   3
2   22   375.81   5503.63   0.149708   4
3   22   4636.7   63826.9   0.157408   4
4   22   301.277   8649.89   0.100944   4
5   22   182.226   3448.25   0.117874   4
6   22   224.693   4670   0.107612   4
7   22   238.41   10405.9   0.0998329   4
8   22   139.652   2676.97   0.113964   4
9   22   1663.45   32284.1   0.111473   4
10   22   15.5017   864.484   0.0994469   4
11   22   202.389   2064.62   0.226693   4
12   22   331.185   8014.25   0.10355   4
13   22   184.174   3215.54   0.131994   4
14   22   222.803   3797.03   0.132493   4
15   22   291.88   5749.2   0.110069   4
16   22   32.0605   650.153   0.108233   4
17   22   50.1982   735.83   0.149569   4
18   22   284.346   5371.13   0.117953   4
19   22   0   100000   0.100499   4
20   22   0   100000   0.100499   4
21   22   0   100000   0.100499   4
22   22   54.2731   1162.64   0.10579   4
23   22   642.879   14148.3   0.105048   4
24   22   371.103   9368.47   0.102705   4
25   22   0   100000   0.100499   4
26   22   0   100000   0.100499   4
27   22   0   100000   0.100499   4
28   22   78.4362   1735.91   0.105062   4
29   22   97.1805   2759.78   0.100918   4
30   22   0   100000   0.100499   4
31   22   2255.93   41661.2   0.119313   4
32   22   339.397   5446.05   0.13904   4
33   22   502.114   7737.83   0.14207   4
34   22   1116.21   23526.1   0.105907   4
35   22   290.533   5197.5   0.130192   4
36   22   538.878   12679.4   0.104185   4
37   22   237.151   5151.74   0.10557   4
38   22   352.867   5076.82   0.1517   4
39   22   86.5252   1542.44   0.131528   4
40   22   192.691   3929.22   0.108087   4
41   22   2837.95   59277.2   0.106785   4
42   22   1419.51   25717.3   0.128138   4
43   22   1526.91   30233   0.108354   4
44   22   638.32   11785.7   0.122189   4
45   22   0   100000   0.100499   4
46   22   0   100000   0.100499   4
47   22   0   100000   0.100499   4
48   22   468.242   9818.86   0.106528   4
49   22   173.709   3497.29   0.10824   4
50   22   104.286   2602.06   1   1
51   22   0   100000   0.100499   4
52   22   302.002   5386.85   0.131075   4
53   22   0   100000   0.100499   4
1   23   3106.13   10746   0.342334   3
2   23   582.431   5742.09   0.228126   4
3   23   4333.54   59614.8   0.168741   4
4   23   225.361   6385.74   0.100983   4
5   23   26.7349   721.573   0.101516   4
6   23   66.8045   696.667   0.222928   4
7   23   492.01   10093.2   0.107912   4
8   23   297.33   7119.99   0.104082   4
9   23   556.505   11008.8   0.109402   4
10   23   16.2509   451.613   0.101574   4
11   23   209.617   1498.31   0.269702   3
12   23   150.128   4807.42   0.100341   4
13   23   416.824   5242.43   0.187713   4
14   23   1026.99   11339.5   0.21715   4
15   23   100.151   2314.77   0.104492   4
16   23   16.4394   81.191   0.327416   3
17   23   4.88765e-13   333.92   0.100499   4
18   23   97.3184   2701.51   0.101545   4
19   23   0   100000   0.100499   4
20   23   0   100000   0.100499   4
21   23   0   100000   0.100499   4
22   23   59.2874   1036.18   0.131856   4
23   23   20.0166   2326.82   0.0993572   4
24   23   0.215877   450.175   0.0995169   4
25   23   0   100000   0.100499   4
26   23   0   100000   0.100499   4
27   23   0   100000   0.100499   4
28   23   209.418   2623.72   0.189206   4
29   23   291.204   5209.06   0.13075   4
30   23   0   100000   0.100499   4
31   23   1784.54   25088.6   0.152439   4
32   23   402.615   5986.23   0.143787   4
33   23   31.8789   1186.45   0.0999597   4
34   23   285.947   4849.02   0.132703   4
35   23   91.9749   2033.91   0.105125   4
36   23   92.3146   3565.86   0.0998528   4
37   23   86.0998   3527.31   0.0999279   4
38   23   239.71   3525.44   0.149015   4
39   23   117.941   2056.35   0.131945   4
40   23   177.185   3465.87   0.110239   4
41   23   2454.63   36196.9   0.144523   4
42   23   1.04715e-08   869.371   0.100498   4
43   23   18.2091   2452.67   0.099506   4
44   23   120.912   2115.57   0.131611   4
45   23   0   100000   0.100499   4
46   23   0   100000   0.100499   4
47   23   0   100000   0.100499   4
48   23   5.2892   406.309   0.0994251   4
49   23   5.31449e-08   47.8386   0.100541   4
50   23   1.88989e-11   0.655378   0.100537   4
51   23   0   100000   0.100499   4
52   23   64.2669   2047.09   0.100868   4
53   23   0   100000   0.100499   4
1   24   2857.93   19537.4   0.271066   3
2   24   189.142   3204.45   0.132962   4
3   24   5871.08   111198   0.114648   4
4   24   167.463   2295.61   0.181375   4
5   24   110.98   5550.11   0.0996903   4
6   24   16.5637   301.631   0.123258   4
7   24   1948.75   49988.6   0.101553   4
8   24   33.1209   1805.58   0.0995124   4
9   24   620.255   17429.9   0.100953   4
10   24   66.505   1158.9   0.132174   4
11   24   46.7526   256.875   0.318932   3
12   24   177.941   2961.4   0.135927   4
13   24   1552.3   28929.9   0.118178   4
14   24   655.525   8483.23   0.184988   4
15   24   623.195   15031.9   0.103603   4
16   24   6.22355e-08   413.819   0.100543   4
17   24   75.9476   2159.4   0.100877   4
18   24   181.859   3477.88   0.114287   4
19   24   0   100000   0.100499   4
20   24   0   100000   0.100499   4
21   24   0   100000   0.100499   4
22   24   86.9423   1556.01   0.129999   4
23   24   190.566   6876.37   0.100132   4
24   24   449.815   16405.7   0.0999459   4
25   24   0   100000   0.100499   4
26   24   0   100000   0.100499   4
27   24   0   100000   0.100499   4
28   24   680.885   10398.5   0.142617   4
29   24   233.19   3222.56   0.156754   4
30   24   0   100000   0.100499   4
31   24   1427.97   23917.4   0.13325   4
32   24   277.308   6571.15   0.104176   4
33   24   294.272   6305.79   0.105728   4
34   24   310.327   7268.93   0.104399   4
35   24   122.056   2332.54   0.114435   4
36   24   404.382   12844.6   0.101028   4
37   24   131.816   3309.16   0.103031   4
38   24   103.616   4494.5   0.0998514   4
39   24   216.008   4805.54   0.104838   4
40   24   256.583   7194.19   0.101439   4
41   24   4325.26   78447.9   0.123286   4
42   24   90.741   4512.69   0.0997313   4
43   24   15.0862   1762.84   0.0994763   4
44   24   80.8034   2716.88   0.100261   4
45   24   0   100000   0.100499   4
46   24   0   100000   0.100499   4
47   24   0   100000   0.100499   4
48   24   16.4497   1091.35   0.0994372   4
49   24   3.458e-06   363.583   0.0999277   4
50   24   4.79617   41.1666   0.267486   3
51   24   0   100000   0.100499   4
52   24   163.074   4914.74   0.101026   4
53   24   0   100000   0.100499   4
1   10   6329   1302.63   0.832466   1
2   10   539.399   838.531   0.675183   2
3   10   7184.33   17667   0.507195   2
4   10   283.352   2205.78   0.279654   3
5   10   42.8917   301.484   0.281397   3
6   10   21.1931   86.9796   0.444042   3
7   10   2118.57   18149.3   0.263   3
8   10   113.805   1399.1   0.206551   4
9   10   3399.29   11930.4   0.444409   3
10   10   126.997   1278.23   0.232493   4
11   10   285.452   300.658   0.685452   2
12   10   708.89   6281.68   0.240666   3
13   10   551.881   9947.21   0.142904   4
14   10   227.062   2988.77   0.203489   4
15   10   72.3599   859.794   0.214874   4
16   10   4.61116   31.9553   0.281668   3
17   10   3.42135e-11   28.5302   0.120472   4
18   10   2.21166e-10   78.77   1   1
19   10   0   100000   0.120341   4
20   10   0   100000   0.120341   4
21   10   0   100000   0.120341   4
22   10   368.462   4576.39   0.205172   4
23   10   134.81   1818.39   0.188499   4
24   10   171.462   2131.47   0.204576   4
25   10   0   100000   0.120341   4
26   10   0   100000   0.120341   4
27   10   0   100000   0.120341   4
28   10   7.98817   155.134   0.138361   4
29   10   10.963   52.7819   0.443921   3
30   10   0   100000   0.120341   4
31   10   0   100000   0.120341   4
32   10   430.446   3781.96   0.242508   3
33   10   89.0454   854.701   0.233009   4
34   10   1135.56   9423.42   0.273084   3
35   10   177.878   2633.59   0.163897   4
36   10   1199.69   6534.33   0.300326   3
37   10   192.538   3486.07   0.142579   4
38   10   246.372   1480.29   0.299244   3
39   10   58.4887   1436.6   0.123999   4
40   10   1687.62   20188.9   0.209037   4
41   10   2996.98   33336.1   0.22119   4
42   10   279.154   5323.83   0.13921   4
43   10   99.3522   1190.17   0.208987   4
44   10   0.790078   119.95   0.120668   4
45   10   0   100000   0.120341   4
46   10   0   100000   0.120341   4
47   10   0   100000   0.120341   4
48   10   371.972   4929.32   0.188906   4
49   10   3.99964e-09   258.526   0.120525   4
50   10   7.66854   646.117   0.120771   4
51   10   0   100000   0.120341   4
52   10   65.2947   852.315   0.204341   4
1   11   10489   6064.55   0.688659   2
2   11   1071.63   3094.46   0.496821   3
3   11   11348.8   60323.8   0.304296   3
4   11   441.709   6136.39   0.186528   4
5   11   1.79214e-12   790.634   0.120341   4
6   11   17.3603   174.228   0.232931   4
7   11   3221.81   48885.1   0.158918   4
8   11   219.733   4244.54   0.138511   4
9   11   3798.74   33312.2   0.24413   3
10   11   115.687   2436.98   0.127846   4
11   11   441.118   1073.88   0.598708   2
12   11   527.287   9175.2   0.146475   4
13   11   790.515   15435.9   0.13558   4
14   11   111.241   2301.87   0.130166   4
15   11   107.346   1823.44   0.148956   4
16   11   8.27992   63.136   0.281334   3
17   11   7.59663   29.547   0.444404   3
18   11   1.22191e-12   143.612   0.120423   4
19   11   0   100000   0.120341   4
20   11   0   100000   0.120341   4
21   11   0   100000   0.120341   4
22   11   650.211   11499   0.145205   4
23   11   212.11   4009.5   0.139382   4
24   11   188.105   2610.46   0.187601   4
25   11   0   100000   13.4543   1
26   11   0   100000   0.120341   4
27   11   0   100000   0.120341   4
28   11   2.52528e-11   192.996   0.120445   4
29   11   3.71116   58.6077   0.158471   4
30   11   0   100000   0.120341   4
31   11   0   100000   0.120341   4
32   11   729.406   10453.7   0.179678   4
33   11   135.639   1848.66   0.188172   4
34   11   1629.72   19279.3   0.215058   4
35   11   295.343   4353.62   0.164072   4
36   11   1471.54   13742.6   0.233201   4
37   11   119.559   3266.75   0.123231   4
38   11   425.84   3405.81   0.277394   3
39   11   36.1464   1605.58   0.121044   4
40   11   2956.4   42655.1   0.171978   4
41   11   4693.67   68947.5   0.165534   4
42   11   396.918   9144   0.126494   4
43   11   215.604   3671.49   0.148584   4
44   11   27.2534   169.102   0.299277   3
45   11   0   100000   0.120341   4
46   11   0   100000   0.120341   4
47   11   0   100000   0.120341   4
48   11   409.155   7414.19   0.141974   4
49   11   1.62115e-09   511.657   0.120489   4
50   11   1.58531e-09   435.356   0.120503   4
51   11   0   100000   0.120341   4
52   11   41.8463   1235.24   0.122408   4
1   12   8366.95   4560.51   0.721957   2
2   12   910.543   2715.01   0.487491   3
3   12   8598.88   42795.1   0.358156   3
4   12   157.098   3742.67   0.124312   4
5   12   19.4557   416.311   0.127838   4
6   12   11.8249   93.3685   0.279595   3
7   12   1913.68   27258.8   0.181607   4
8   12   76.1026   1378.22   0.142427   4
9   12   3248.81   22150.3   0.281607   3
10   12   131.256   3138.79   0.124077   4
11   12   355.209   1155.78   0.484079   3
12   12   690.459   10160.9   0.16458   4
13   12   598.814   11964.6   0.134315   4
14   12   74.4198   2225.32   0.121551   4
15   12   88.7586   765.805   0.262815   3
16   12   1.05848   23.3627   0.12703   4
17   12   1.26456   14.3111   0.219624   4
18   12   5.55247   185.709   0.121233   4
19   12   0   100000   0.120341   4
20   12   0   100000   0.120341   4
21   12   0   100000   0.120341   4
22   12   190.937   3848.04   0.130255   4
23   12   137.696   3206.43   0.124666   4
24   12   41.9531   1268.05   0.12126   4
25   12   0   100000   0.120341   4
26   12   0   100000   0.120341   4
27   12   0   100000   0.120341   4
28   12   3.6634   122.297   0.121246   4
29   12   7.7641   53.8261   0.281661   3
30   12   0   100000   0.120341   4
31   12   0   100000   0.120341   4
32   12   507.295   5647.63   0.219611   4
33   12   117.735   1945.17   0.154297   4
34   12   1002.61   12275.9   0.206898   4
35   12   107.353   3055.41   0.122587   4
36   12   1150.4   10314.2   0.237374   3
37   12   275.937   6063.92   0.12703   4
38   12   184.74   2130.77   0.219051   4
39   12   36.8393   1081.2   0.122485   4
40   12   936.873   18197.8   0.136847   4
41   12   1395.39   23623.4   0.15261   4
42   12   348.079   7573.04   0.12768   4
43   12   155.574   3271.11   0.127953   4
44   12   0.0834818   91.7858   0.120525   4
45   12   0   100000   0.120341   4
46   12   0   100000   0.120341   4
47   12   0   100000   0.120341   4
48   12   157.126   4208.29   0.123919   4
49   12   5.52353   942.156   0.120518   4
50   12   7.97524   877.214   0.120667   4
51   12   0   100000   1   1
52   12   53.4424   738.448   0.18812   4
1   13   3168.35   6837.19   0.606839   2
2   13   365.494   3180.51   0.261221   3
3   13   4915.26   65063.9   0.19001   4
4   13   285.945   6613.72   0.126138   4
5   13   21.2776   490.155   0.126906   4
6   13   12.0706   159.536   0.203444   4
7   13   2203.39   37316.6   0.149178   4
8   13   200.13   3855.44   0.138876   4
9   13   2191.89   35505.8   0.154518   4
10   13   28.1212   582.08   0.130099   4
11   13   134.383   1487.73   0.231956   4
12   13   330.426   9813.29   0.121687   4
13   13   1414.79   32772.4   0.124817   4
14   13   233.567   3547.76   0.158838   4
15   13   36.3937   856.913   0.124582   4
16   13   3.41212   50.7677   0.163897   4
17   13   5.63447   43.1007   0.281273   3
18   13   17.0148   251.777   0.164071   4
19   13   0   100000   0.120341   4
20   13   0   100000   0.120341   4
21   13   0   100000   1   1
22   13   259.99   5151.78   0.135232   4
23   13   657.076   12178.9   0.139714   4
24   13   96.166   1863.78   0.138393   4
25   13   0   100000   0.120341   4
26   13   0   100000   0.120341   4
27   13   0   100000   0.120341   4
28   13   13.6374   156.639   0.219627   4
29   13   2.30606e-08   103.807   0.12052   4
30   13   0   100000   0.120341   4
31   13   0   100000   0.120341   4
32   13   361.847   9857.47   0.123343   4
33   13   45.5838   653.963   0.179561   4
34   13   1216.62   20874.8   0.14716   4
35   13   132.158   3955.04   0.121312   4
36   13   1051.43   18598   0.143412   4
37   13   308.294   8574.32   0.12275   4
38   13   200.875   3070.87   0.158473   4
39   13   31.5699   1261.1   0.121125   4
40   13   360.097   6589.57   0.140896   4
41   13   2988.47   60021   0.130676   4
42   13   1150.95   23889.2   0.128745   4
43   13   630.162   11503.2   0.141309   4
44   13   5.13831e-08   159.07   0.120507   4
45   13   0   100000   0.120341   4
46   13   0   100000   0.120341   4
47   13   0   100000   0.120341   4
48   13   574.891   12053.6   0.127989   4
49   13   16.4137   1167.1   0.12082   4
50   13   27.6998   1688.13   0.120929   4
51   13   0   100000   0.120341   4
52   13   66.5502   1224.06   0.140854   4
