         0         0         0-0.2523772    
         1         0         0 0.8159196    
         2         0         0  1.164017    
         3         0         0  1.317252    
         4         0         0  1.445618    
         5         0         0  1.467046    
         6         0         0  1.478635    
         7         0         0  1.480854    
         8         0         0  1.462141    
         9         0         0  1.338259    
        10         0         0  1.213695    
        11         0         0  1.202349    
        12         0         0  1.116817    
        13         0         0 0.2940928    
         0         1         0-0.2808876    
         1         1         0 0.8670674    
         2         1         0  1.104920    
         3         1         0  1.250030    
         4         1         0  1.403568    
         5         1         0  1.409061    
         6         1         0  1.399231    
         7         1         0  1.392391    
         8         1         0  1.333524    
         9         1         0  1.062723    
        10         1         0  1.025177    
        11         1         0  1.000000    
        12         1         0  1.000000    
        13         1         0  1.000000    
         0         2         0 0.9342674    
         1         2         0  1.534267    
         2         2         0  1.000000    
         3         2         0  1.000000    
         4         2         0  1.000000    
         5         2         0  1.000000    
         6         2         0  1.000000    
         7         2         0  1.000000    
         8         2         0  1.000000    
         9         2         0  1.000000    
        10         2         0  1.000000    
        11         2         0  1.000000    
        12         2         0  1.000000    
        13         2         0  1.000000    
         0         3         0  1.000000    
         1         3         0  1.000000    
         2         3         0  1.000000    
         3         3         0  1.000000    
         4         3         0  1.000000    
         5         3         0  1.000000    
         6         3         0  1.000000    
         7         3         0  1.000000    
         8         3         0  1.000000    
         9         3         0  1.000000    
        10         3         0  1.000000    
        11         3         0  1.000000    
        12         3         0  1.000000    
        13         3         0  1.000000    
         0         4         0  1.000000    
         1         4         0  1.000000    
         2         4         0  1.000000    
         3         4         0  1.000000    
         4         4         0  1.000000    
         5         4         0  1.000000    
         6         4         0  1.000000    
         7         4         0  1.000000    
         8         4         0  1.000000    
         9         4         0  1.000000    
        10         4         0  1.000000    
        11         4         0  1.000000    
        12         4         0  1.000000    
        13         4         0  1.000000    
         0         5         0  1.000000    
         1         5         0  1.000000    
         2         5         0  1.000000    
         3         5         0  1.000000    
         4         5         0  1.000000    
         5         5         0  1.000000    
         6         5         0  1.000000    
         7         5         0  1.000000    
         8         5         0  1.000000    
         9         5         0  1.000000    
        10         5         0  1.000000    
        11         5         0  1.000000    
        12         5         0  1.000000    
        13         5         0  1.000000    
         0         6         0  1.000000    
         1         6         0  1.000000    
         2         6         0  1.000000    
         3         6         0  1.000000    
         4         6         0  1.000000    
         5         6         0  1.000000    
         6         6         0  1.000000    
         7         6         0  1.000000    
         8         6         0  1.000000    
         9         6         0  1.000000    
        10         6         0  1.000000    
        11         6         0  1.000000    
        12         6         0  1.000000    
        13         6         0  1.000000    
         0         7         0  1.000000    
         1         7         0  1.000000    
         2         7         0  1.000000    
         3         7         0  1.000000    
         4         7         0  1.000000    
         5         7         0  1.000000    
         6         7         0  1.000000    
         7         7         0  1.000000    
         8         7         0  1.000000    
         9         7         0  1.000000    
        10         7         0  1.000000    
        11         7         0  1.000000    
        12         7         0  1.000000    
        13         7         0  1.000000    
         0         0         1-0.2250128    
         1         0         1 0.8304724    
         2         0         1  1.177683    
         3         0         1  1.331362    
         4         0         1  1.452404    
         5         0         1  1.482013    
         6         0         1  1.495182    
         7         0         1  1.499227    
         8         0         1  1.500085    
         9         0         1  1.456798    
        10         0         1  1.335364    
        11         0         1  1.213089    
        12         0         1 0.9724013    
        13         0         1 0.7342674    
         0         1         1 0.2005088E-01
         1         1         1 0.8702986    
         2         1         1  1.168257    
         3         1         1  1.321990    
         4         1         1  1.434957    
         5         1         1  1.470985    
         6         1         1  1.475128    
         7         1         1  1.483377    
         8         1         1  1.455337    
         9         1         1  1.310142    
        10         1         1  1.173386    
        11         1         1  1.156315    
        12         1         1  1.000000    
        13         1         1  1.000000    
         0         2         1 0.1402315    
         1         2         1 0.8694662    
         2         2         1  1.160102    
         3         2         1  1.266362    
         4         2         1  1.411184    
         5         2         1  1.420317    
         6         2         1  1.422772    
         7         2         1  1.421175    
         8         2         1  1.331856    
         9         2         1  1.114407    
        10         2         1  1.000000    
        11         2         1  1.000000    
        12         2         1  1.000000    
        13         2         1  1.000000    
         0         3         1 0.1471543    
         1         3         1 0.7480875    
         2         3         1  1.002352    
         3         3         1  1.127430    
         4         3         1  1.274652    
         5         3         1  1.309548    
         6         3         1  1.241870    
         7         3         1  1.246596    
         8         3         1 0.9918945    
         9         3         1  1.000000    
        10         3         1  1.000000    
        11         3         1  1.000000    
        12         3         1  1.000000    
        13         3         1  1.000000    
         0         4         1 -22.46573    
         1         4         1  1.534267    
         2         4         1  1.000000    
         3         4         1  1.000000    
         4         4         1  1.000000    
         5         4         1  1.000000    
         6         4         1  1.000000    
         7         4         1  1.000000    
         8         4         1  1.000000    
         9         4         1  1.000000    
        10         4         1  1.000000    
        11         4         1  1.000000    
        12         4         1  1.000000    
        13         4         1  1.000000    
         0         5         1  1.000000    
         1         5         1  1.000000    
         2         5         1  1.000000    
         3         5         1  1.000000    
         4         5         1  1.000000    
         5         5         1  1.000000    
         6         5         1  1.000000    
         7         5         1  1.000000    
         8         5         1  1.000000    
         9         5         1  1.000000    
        10         5         1  1.000000    
        11         5         1  1.000000    
        12         5         1  1.000000    
        13         5         1  1.000000    
         0         6         1  1.000000    
         1         6         1  1.000000    
         2         6         1  1.000000    
         3         6         1  1.000000    
         4         6         1  1.000000    
         5         6         1  1.000000    
         6         6         1  1.000000    
         7         6         1  1.000000    
         8         6         1  1.000000    
         9         6         1  1.000000    
        10         6         1  1.000000    
        11         6         1  1.000000    
        12         6         1  1.000000    
        13         6         1  1.000000    
         0         7         1  1.000000    
         1         7         1  1.000000    
         2         7         1  1.000000    
         3         7         1  1.000000    
         4         7         1  1.000000    
         5         7         1  1.000000    
         6         7         1  1.000000    
         7         7         1  1.000000    
         8         7         1  1.000000    
         9         7         1  1.000000    
        10         7         1  1.000000    
        11         7         1  1.000000    
        12         7         1  1.000000    
        13         7         1  1.000000    
         0         0         2-0.2881799    
         1         0         2 0.8220981    
         2         0         2  1.157611    
         3         0         2  1.330124    
         4         0         2  1.454860    
         5         0         2  1.480195    
         6         0         2  1.498887    
         7         0         2  1.503179    
         8         0         2  1.501580    
         9         0         2  1.470516    
        10         0         2  1.362585    
        11         0         2  1.212651    
        12         0         2 0.7842674    
        13         0         2  1.000000    
         0         1         2 0.1174712E-01
         1         1         2 0.9142257    
         2         1         2  1.187634    
         3         1         2  1.319855    
         4         1         2  1.437413    
         5         1         2  1.470656    
         6         1         2  1.487442    
         7         1         2  1.485951    
         8         1         2  1.480404    
         9         1         2  1.361974    
        10         1         2  1.222113    
        11         1         2  1.298973    
        12         1         2  1.000000    
        13         1         2  1.000000    
         0         2         2 0.2436898    
         1         2         2 0.9211314    
         2         2         2  1.156560    
         3         2         2  1.289598    
         4         2         2  1.422971    
         5         2         2  1.450031    
         6         2         2  1.459907    
         7         2         2  1.457030    
         8         2         2  1.400634    
         9         2         2  1.194715    
        10         2         2  1.134267    
        11         2         2  1.000000    
        12         2         2  1.000000    
        13         2         2  1.000000    
         0         3         2 0.3452551    
         1         3         2 0.8940929    
         2         3         2  1.130408    
         3         3         2  1.211602    
         4         3         2  1.351110    
         5         3         2  1.375592    
         6         3         2  1.344963    
         7         3         2  1.313655    
         8         3         2  1.217883    
         9         3         2  1.000000    
        10         3         2  1.000000    
        11         3         2  1.000000    
        12         3         2  1.000000    
        13         3         2  1.000000    
         0         4         2 0.1738023    
         1         4         2 0.6173737    
         2         4         2 0.9425719    
         3         4         2 0.8921909    
         4         4         2  1.107184    
         5         4         2  1.163897    
         6         4         2 0.6881136    
         7         4         2  1.034267    
         8         4         2  1.000000    
         9         4         2  1.000000    
        10         4         2  1.000000    
        11         4         2  1.000000    
        12         4         2  1.000000    
        13         4         2  1.000000    
         0         5         2 -4.283915    
         1         5         2  1.000000    
         2         5         2  1.000000    
         3         5         2  1.000000    
         4         5         2  1.000000    
         5         5         2  1.000000    
         6         5         2  1.000000    
         7         5         2  1.000000    
         8         5         2  1.000000    
         9         5         2  1.000000    
        10         5         2  1.000000    
        11         5         2  1.000000    
        12         5         2  1.000000    
        13         5         2  1.000000    
         0         6         2  1.000000    
         1         6         2  1.000000    
         2         6         2  1.000000    
         3         6         2  1.000000    
         4         6         2  1.000000    
         5         6         2  1.000000    
         6         6         2  1.000000    
         7         6         2  1.000000    
         8         6         2  1.000000    
         9         6         2  1.000000    
        10         6         2  1.000000    
        11         6         2  1.000000    
        12         6         2  1.000000    
        13         6         2  1.000000    
         0         7         2  1.000000    
         1         7         2  1.000000    
         2         7         2  1.000000    
         3         7         2  1.000000    
         4         7         2  1.000000    
         5         7         2  1.000000    
         6         7         2  1.000000    
         7         7         2  1.000000    
         8         7         2  1.000000    
         9         7         2  1.000000    
        10         7         2  1.000000    
        11         7         2  1.000000    
        12         7         2  1.000000    
        13         7         2  1.000000    
         0         0         3-0.2292038    
         1         0         3 0.8211791    
         2         0         3  1.182051    
         3         0         3  1.326433    
         4         0         3  1.449110    
         5         0         3  1.479155    
         6         0         3  1.496536    
         7         0         3  1.503238    
         8         0         3  1.502295    
         9         0         3  1.465977    
        10         0         3  1.359367    
        11         0         3  1.184870    
        12         0         3  1.000000    
        13         0         3  1.000000    
         0         1         3 0.1823390E-01
         1         1         3 0.9051906    
         2         1         3  1.196098    
         3         1         3  1.324515    
         4         1         3  1.445247    
         5         1         3  1.463130    
         6         1         3  1.479720    
         7         1         3  1.490124    
         8         1         3  1.477838    
         9         1         3  1.378247    
        10         1         3  1.249954    
        11         1         3  1.000000    
        12         1         3  1.000000    
        13         1         3  1.000000    
         0         2         3 0.2558181    
         1         2         3 0.9334078    
         2         2         3  1.190178    
         3         2         3  1.297238    
         4         2         3  1.420996    
         5         2         3  1.455123    
         6         2         3  1.464607    
         7         2         3  1.469886    
         8         2         3  1.422195    
         9         2         3  1.216410    
        10         2         3  1.000000    
        11         2         3  1.000000    
        12         2         3  1.000000    
        13         2         3  1.000000    
         0         3         3 0.4363176    
         1         3         3 0.9539714    
         2         3         3  1.149767    
         3         3         3  1.250211    
         4         3         3  1.382600    
         5         3         3  1.413023    
         6         3         3  1.406236    
         7         3         3  1.373061    
         8         3         3  1.254731    
         9         3         3  1.352449    
        10         3         3  1.000000    
        11         3         3  1.000000    
        12         3         3  1.000000    
        13         3         3  1.000000    
         0         4         3 0.5013648    
         1         4         3 0.8393461    
         2         4         3  1.022429    
         3         4         3  1.047847    
         4         4         3  1.257370    
         5         4         3  1.257021    
         6         4         3  1.183364    
         7         4         3  1.008494    
         8         4         3 0.8429094    
         9         4         3  1.000000    
        10         4         3  1.000000    
        11         4         3  1.000000    
        12         4         3  1.000000    
        13         4         3  1.000000    
         0         5         3 0.2368462    
         1         5         3 0.2297318    
         2         5         3 0.5755897    
         3         5         3 0.2537796    
         4         5         3 -5.465733    
         5         5         3  1.000000    
         6         5         3  1.000000    
         7         5         3  1.000000    
         8         5         3  1.000000    
         9         5         3  1.000000    
        10         5         3  1.000000    
        11         5         3  1.000000    
        12         5         3  1.000000    
        13         5         3  1.000000    
         0         6         3 -3.656209    
         1         6         3  1.000000    
         2         6         3  1.000000    
         3         6         3  1.000000    
         4         6         3  1.000000    
         5         6         3  1.000000    
         6         6         3  1.000000    
         7         6         3  1.000000    
         8         6         3  1.000000    
         9         6         3  1.000000    
        10         6         3  1.000000    
        11         6         3  1.000000    
        12         6         3  1.000000    
        13         6         3  1.000000    
         0         7         3  1.000000    
         1         7         3  1.000000    
         2         7         3  1.000000    
         3         7         3  1.000000    
         4         7         3  1.000000    
         5         7         3  1.000000    
         6         7         3  1.000000    
         7         7         3  1.000000    
         8         7         3  1.000000    
         9         7         3  1.000000    
        10         7         3  1.000000    
        11         7         3  1.000000    
        12         7         3  1.000000    
        13         7         3  1.000000    
         0         0         4-0.2509987    
         1         0         4 0.8390753    
         2         0         4  1.173139    
         3         0         4  1.327918    
         4         0         4  1.448257    
         5         0         4  1.477884    
         6         0         4  1.494361    
         7         0         4  1.503551    
         8         0         4  1.500737    
         9         0         4  1.467699    
        10         0         4  1.345308    
        11         0         4  1.000000    
        12         0         4  1.000000    
        13         0         4  1.000000    
         0         1         4 0.4036880E-01
         1         1         4 0.9207466    
         2         1         4  1.185182    
         3         1         4  1.329246    
         4         1         4  1.436211    
         5         1         4  1.466273    
         6         1         4  1.481267    
         7         1         4  1.485573    
         8         1         4  1.471965    
         9         1         4  1.374895    
        10         1         4  1.191802    
        11         1         4  1.000000    
        12         1         4  1.000000    
        13         1         4  1.000000    
         0         2         4 0.2568341    
         1         2         4 0.9697721    
         2         2         4  1.189589    
         3         2         4  1.307214    
         4         2         4  1.420535    
         5         2         4  1.449737    
         6         2         4  1.461185    
         7         2         4  1.465482    
         8         2         4  1.423714    
         9         2         4  1.245011    
        10         2         4  1.000000    
        11         2         4  1.000000    
        12         2         4  1.000000    
        13         2         4  1.000000    
         0         3         4 0.4457279    
         1         3         4 0.9846972    
         2         3         4  1.165188    
         3         3         4  1.251711    
         4         3         4  1.397389    
         5         3         4  1.414526    
         6         3         4  1.418931    
         7         3         4  1.402404    
         8         3         4  1.308437    
         9         3         4  1.034267    
        10         3         4  1.000000    
        11         3         4  1.000000    
        12         3         4  1.000000    
        13         3         4  1.000000    
         0         4         4 0.5578704    
         1         4         4 0.9380269    
         2         4         4  1.097126    
         3         4         4  1.137477    
         4         4         4  1.290784    
         5         4         4  1.277834    
         6         4         4  1.227724    
         7         4         4  1.171155    
         8         4         4  1.017026    
         9         4         4  1.000000    
        10         4         4  1.000000    
        11         4         4  1.000000    
        12         4         4  1.000000    
        13         4         4  1.000000    
         0         5         4 0.5725410    
         1         5         4 0.6413068    
         2         5         4 0.7367214    
         3         5         4 0.6461808    
         4         5         4 0.9125569    
         5         5         4 0.8209341    
         6         5         4  1.000000    
         7         5         4  1.000000    
         8         5         4  1.000000    
         9         5         4  1.000000    
        10         5         4  1.000000    
        11         5         4  1.000000    
        12         5         4  1.000000    
        13         5         4  1.000000    
         0         6         4 0.1500545    
         1         6         4-0.3347802    
         2         6         4  1.000000    
         3         6         4  1.000000    
         4         6         4  1.000000    
         5         6         4  1.000000    
         6         6         4  1.000000    
         7         6         4  1.000000    
         8         6         4  1.000000    
         9         6         4  1.000000    
        10         6         4  1.000000    
        11         6         4  1.000000    
        12         6         4  1.000000    
        13         6         4  1.000000    
         0         7         4  1.000000    
         1         7         4  1.000000    
         2         7         4  1.000000    
         3         7         4  1.000000    
         4         7         4  1.000000    
         5         7         4  1.000000    
         6         7         4  1.000000    
         7         7         4  1.000000    
         8         7         4  1.000000    
         9         7         4  1.000000    
        10         7         4  1.000000    
        11         7         4  1.000000    
        12         7         4  1.000000    
        13         7         4  1.000000    
         0         0         5-0.2590411    
         1         0         5 0.8518457    
         2         0         5  1.187880    
         3         0         5  1.314105    
         4         0         5  1.447446    
         5         0         5  1.476011    
         6         0         5  1.495091    
         7         0         5  1.501702    
         8         0         5  1.496650    
         9         0         5  1.465029    
        10         0         5  1.391410    
        11         0         5  1.000000    
        12         0         5  1.000000    
        13         0         5  1.000000    
         0         1         5 0.2488041E-01
         1         1         5 0.9358513    
         2         1         5  1.186551    
         3         1         5  1.317254    
         4         1         5  1.430619    
         5         1         5  1.462618    
         6         1         5  1.477762    
         7         1         5  1.487733    
         8         1         5  1.471234    
         9         1         5  1.391031    
        10         1         5  1.000000    
        11         1         5  1.000000    
        12         1         5  1.000000    
        13         1         5  1.000000    
         0         2         5 0.2809241    
         1         2         5 0.9820544    
         2         2         5  1.187893    
         3         2         5  1.297520    
         4         2         5  1.433234    
         5         2         5  1.451913    
         6         2         5  1.459494    
         7         2         5  1.458782    
         8         2         5  1.431166    
         9         2         5  1.312045    
        10         2         5  1.000000    
        11         2         5  1.000000    
        12         2         5  1.000000    
        13         2         5  1.000000    
         0         3         5 0.4344491    
         1         3         5  1.006528    
         2         3         5  1.178653    
         3         3         5  1.262465    
         4         3         5  1.400841    
         5         3         5  1.412123    
         6         3         5  1.412119    
         7         3         5  1.396570    
         8         3         5  1.338230    
         9         3         5  1.000000    
        10         3         5  1.000000    
        11         3         5  1.000000    
        12         3         5  1.000000    
        13         3         5  1.000000    
         0         4         5 0.5631871    
         1         4         5 0.9939404    
         2         4         5  1.127860    
         3         4         5  1.156668    
         4         4         5  1.309517    
         5         4         5  1.307237    
         6         4         5  1.298539    
         7         4         5  1.258693    
         8         4         5  1.133105    
         9         4         5  1.000000    
        10         4         5  1.000000    
        11         4         5  1.000000    
        12         4         5  1.000000    
        13         4         5  1.000000    
         0         5         5 0.6605633    
         1         5         5 0.8226146    
         2         5         5 0.8813928    
         3         5         5 0.8227571    
         4         5         5  1.070662    
         5         5         5  1.033107    
         6         5         5  1.000000    
         7         5         5  1.000000    
         8         5         5  1.000000    
         9         5         5  1.000000    
        10         5         5  1.000000    
        11         5         5  1.000000    
        12         5         5  1.000000    
        13         5         5  1.000000    
         0         6         5 0.5202744    
         1         6         5 0.1875113    
         2         6         5 0.3498014    
         3         6         5  1.000000    
         4         6         5  1.000000    
         5         6         5  1.000000    
         6         6         5  1.000000    
         7         6         5  1.000000    
         8         6         5  1.000000    
         9         6         5  1.000000    
        10         6         5  1.000000    
        11         6         5  1.000000    
        12         6         5  1.000000    
        13         6         5  1.000000    
         0         7         5 -2.546378    
         1         7         5  1.000000    
         2         7         5  1.000000    
         3         7         5  1.000000    
         4         7         5  1.000000    
         5         7         5  1.000000    
         6         7         5  1.000000    
         7         7         5  1.000000    
         8         7         5  1.000000    
         9         7         5  1.000000    
        10         7         5  1.000000    
        11         7         5  1.000000    
        12         7         5  1.000000    
        13         7         5  1.000000    
         0         0         6-0.3403755    
         1         0         6 0.8989398    
         2         0         6  1.164768    
         3         0         6  1.328049    
         4         0         6  1.437036    
         5         0         6  1.481115    
         6         0         6  1.495593    
         7         0         6  1.504057    
         8         0         6  1.495237    
         9         0         6  1.478712    
        10         0         6  1.000000    
        11         0         6  1.000000    
        12         0         6  1.000000    
        13         0         6  1.000000    
         0         1         6 0.7710218E-02
         1         1         6 0.9614061    
         2         1         6  1.206239    
         3         1         6  1.312294    
         4         1         6  1.428542    
         5         1         6  1.462231    
         6         1         6  1.482181    
         7         1         6  1.486171    
         8         1         6  1.475129    
         9         1         6  1.534267    
        10         1         6  1.000000    
        11         1         6  1.000000    
        12         1         6  1.000000    
        13         1         6  1.000000    
         0         2         6 0.2500032    
         1         2         6  1.011851    
         2         2         6  1.218756    
         3         2         6  1.299888    
         4         2         6  1.414484    
         5         2         6  1.442818    
         6         2         6  1.452020    
         7         2         6  1.453891    
         8         2         6  1.443720    
         9         2         6  1.000000    
        10         2         6  1.000000    
        11         2         6  1.000000    
        12         2         6  1.000000    
        13         2         6  1.000000    
         0         3         6 0.4089659    
         1         3         6  1.034426    
         2         3         6  1.203975    
         3         3         6  1.254426    
         4         3         6  1.390845    
         5         3         6  1.415397    
         6         3         6  1.414922    
         7         3         6  1.414331    
         8         3         6  1.410274    
         9         3         6  1.000000    
        10         3         6  1.000000    
        11         3         6  1.000000    
        12         3         6  1.000000    
        13         3         6  1.000000    
         0         4         6 0.5437065    
         1         4         6  1.007543    
         2         4         6  1.131627    
         3         4         6  1.162066    
         4         4         6  1.322260    
         5         4         6  1.335155    
         6         4         6  1.305101    
         7         4         6  1.334267    
         8         4         6  1.534267    
         9         4         6  1.000000    
        10         4         6  1.000000    
        11         4         6  1.000000    
        12         4         6  1.000000    
        13         4         6  1.000000    
         0         5         6 0.6604491    
         1         5         6 0.9253267    
         2         5         6 0.9943411    
         3         5         6 0.9037647    
         4         5         6  1.140228    
         5         5         6  1.121569    
         6         5         6  1.000000    
         7         5         6  1.000000    
         8         5         6  1.000000    
         9         5         6  1.000000    
        10         5         6  1.000000    
        11         5         6  1.000000    
        12         5         6  1.000000    
        13         5         6  1.000000    
         0         6         6 0.6258894    
         1         6         6 0.6337187    
         2         6         6 0.5898230    
         3         6         6  1.000000    
         4         6         6  1.000000    
         5         6         6  1.000000    
         6         6         6  1.000000    
         7         6         6  1.000000    
         8         6         6  1.000000    
         9         6         6  1.000000    
        10         6         6  1.000000    
        11         6         6  1.000000    
        12         6         6  1.000000    
        13         6         6  1.000000    
         0         7         6 0.4824661    
         1         7         6  1.000000    
         2         7         6  1.000000    
         3         7         6  1.000000    
         4         7         6  1.000000    
         5         7         6  1.000000    
         6         7         6  1.000000    
         7         7         6  1.000000    
         8         7         6  1.000000    
         9         7         6  1.000000    
        10         7         6  1.000000    
        11         7         6  1.000000    
        12         7         6  1.000000    
        13         7         6  1.000000    
         0         0         7-0.6165831    
         1         0         7 0.9314411    
         2         0         7  1.184233    
         3         0         7  1.300121    
         4         0         7  1.426945    
         5         0         7  1.465302    
         6         0         7  1.475833    
         7         0         7  1.507083    
         8         0         7  1.487564    
         9         0         7  1.000000    
        10         0         7  1.000000    
        11         0         7  1.000000    
        12         0         7  1.000000    
        13         0         7  1.000000    
         0         1         7-0.2025309    
         1         1         7  1.005473    
         2         1         7  1.224703    
         3         1         7  1.306704    
         4         1         7  1.423593    
         5         1         7  1.448298    
         6         1         7  1.475314    
         7         1         7  1.447889    
         8         1         7  1.473966    
         9         1         7  1.000000    
        10         1         7  1.000000    
        11         1         7  1.000000    
        12         1         7  1.000000    
        13         1         7  1.000000    
         0         2         7 0.1477957E-02
         1         2         7  1.058237    
         2         2         7  1.216354    
         3         2         7  1.275683    
         4         2         7  1.409000    
         5         2         7  1.442516    
         6         2         7  1.447520    
         7         2         7  1.450934    
         8         2         7  1.534267    
         9         2         7  1.000000    
        10         2         7  1.000000    
        11         2         7  1.000000    
        12         2         7  1.000000    
        13         2         7  1.000000    
         0         3         7 0.1636145    
         1         3         7  1.076150    
         2         3         7  1.210512    
         3         3         7  1.235157    
         4         3         7  1.369301    
         5         3         7  1.420562    
         6         3         7  1.408217    
         7         3         7  1.534267    
         8         3         7  1.000000    
         9         3         7  1.000000    
        10         3         7  1.000000    
        11         3         7  1.000000    
        12         3         7  1.000000    
        13         3         7  1.000000    
         0         4         7 0.3192486    
         1         4         7  1.054494    
         2         4         7  1.157844    
         3         4         7  1.111945    
         4         4         7  1.305696    
         5         4         7  1.322146    
         6         4         7  1.000000    
         7         4         7  1.000000    
         8         4         7  1.000000    
         9         4         7  1.000000    
        10         4         7  1.000000    
        11         4         7  1.000000    
        12         4         7  1.000000    
        13         4         7  1.000000    
         0         5         7 0.3823919    
         1         5         7 0.9790903    
         2         5         7  1.053840    
         3         5         7 0.8539953    
         4         5         7  1.000000    
         5         5         7  1.000000    
         6         5         7  1.000000    
         7         5         7  1.000000    
         8         5         7  1.000000    
         9         5         7  1.000000    
        10         5         7  1.000000    
        11         5         7  1.000000    
        12         5         7  1.000000    
        13         5         7  1.000000    
         0         6         7 0.4528528    
         1         6         7 0.8009341    
         2         6         7  1.000000    
         3         6         7  1.000000    
         4         6         7  1.000000    
         5         6         7  1.000000    
         6         6         7  1.000000    
         7         6         7  1.000000    
         8         6         7  1.000000    
         9         6         7  1.000000    
        10         6         7  1.000000    
        11         6         7  1.000000    
        12         6         7  1.000000    
        13         6         7  1.000000    
         0         7         7 0.9182128    
         1         7         7  1.000000    
         2         7         7  1.000000    
         3         7         7  1.000000    
         4         7         7  1.000000    
         5         7         7  1.000000    
         6         7         7  1.000000    
         7         7         7  1.000000    
         8         7         7  1.000000    
         9         7         7  1.000000    
        10         7         7  1.000000    
        11         7         7  1.000000    
        12         7         7  1.000000    
        13         7         7  1.000000    
