         0         0         0-0.2984816    
         1         0         0 0.5979161    
         2         0         0  1.057928    
         3         0         0  1.259497    
         4         0         0  1.423804    
         5         0         0  1.447903    
         6         0         0  1.471168    
         7         0         0  1.484175    
         8         0         0  1.473892    
         9         0         0  1.433621    
        10         0         0  1.343458    
        11         0         0  1.284284    
        12         0         0  1.208808    
        13         0         0 0.4561578    
         0         1         0-0.2689238    
         1         1         0 0.5549313    
         2         1         0 0.9787591    
         3         1         0  1.173138    
         4         1         0  1.344418    
         5         1         0  1.396209    
         6         1         0  1.395146    
         7         1         0  1.395840    
         8         1         0  1.348492    
         9         1         0  1.245112    
        10         1         0  1.064141    
        11         1         0  1.000000    
        12         1         0  1.000000    
        13         1         0  1.000000    
         0         2         0-0.4652708    
         1         2         0  1.000000    
         2         2         0  1.000000    
         3         2         0  1.000000    
         4         2         0  1.000000    
         5         2         0  1.000000    
         6         2         0  1.000000    
         7         2         0  1.000000    
         8         2         0  1.000000    
         9         2         0  1.000000    
        10         2         0  1.000000    
        11         2         0  1.000000    
        12         2         0  1.000000    
        13         2         0  1.000000    
         0         3         0  1.000000    
         1         3         0  1.000000    
         2         3         0  1.000000    
         3         3         0  1.000000    
         4         3         0  1.000000    
         5         3         0  1.000000    
         6         3         0  1.000000    
         7         3         0  1.000000    
         8         3         0  1.000000    
         9         3         0  1.000000    
        10         3         0  1.000000    
        11         3         0  1.000000    
        12         3         0  1.000000    
        13         3         0  1.000000    
         0         4         0  1.000000    
         1         4         0  1.000000    
         2         4         0  1.000000    
         3         4         0  1.000000    
         4         4         0  1.000000    
         5         4         0  1.000000    
         6         4         0  1.000000    
         7         4         0  1.000000    
         8         4         0  1.000000    
         9         4         0  1.000000    
        10         4         0  1.000000    
        11         4         0  1.000000    
        12         4         0  1.000000    
        13         4         0  1.000000    
         0         5         0  1.000000    
         1         5         0  1.000000    
         2         5         0  1.000000    
         3         5         0  1.000000    
         4         5         0  1.000000    
         5         5         0  1.000000    
         6         5         0  1.000000    
         7         5         0  1.000000    
         8         5         0  1.000000    
         9         5         0  1.000000    
        10         5         0  1.000000    
        11         5         0  1.000000    
        12         5         0  1.000000    
        13         5         0  1.000000    
         0         6         0  1.000000    
         1         6         0  1.000000    
         2         6         0  1.000000    
         3         6         0  1.000000    
         4         6         0  1.000000    
         5         6         0  1.000000    
         6         6         0  1.000000    
         7         6         0  1.000000    
         8         6         0  1.000000    
         9         6         0  1.000000    
        10         6         0  1.000000    
        11         6         0  1.000000    
        12         6         0  1.000000    
        13         6         0  1.000000    
         0         7         0  1.000000    
         1         7         0  1.000000    
         2         7         0  1.000000    
         3         7         0  1.000000    
         4         7         0  1.000000    
         5         7         0  1.000000    
         6         7         0  1.000000    
         7         7         0  1.000000    
         8         7         0  1.000000    
         9         7         0  1.000000    
        10         7         0  1.000000    
        11         7         0  1.000000    
        12         7         0  1.000000    
        13         7         0  1.000000    
         0         0         1-0.3096404    
         1         0         1 0.6063717    
         2         0         1  1.051995    
         3         0         1  1.267007    
         4         0         1  1.420592    
         5         0         1  1.466065    
         6         0         1  1.483932    
         7         0         1  1.501526    
         8         0         1  1.507494    
         9         0         1  1.498423    
        10         0         1  1.458553    
        11         0         1  1.372229    
        12         0         1  1.230227    
        13         0         1 0.6180626    
         0         1         1-0.1092607    
         1         1         1 0.6662158    
         2         1         1  1.060313    
         3         1         1  1.248942    
         4         1         1  1.419313    
         5         1         1  1.452986    
         6         1         1  1.471984    
         7         1         1  1.485489    
         8         1         1  1.479347    
         9         1         1  1.429750    
        10         1         1  1.337105    
        11         1         1  1.270993    
        12         1         1  1.000000    
        13         1         1  1.000000    
         0         2         1 0.1726627E-02
         1         2         1 0.6394345    
         2         2         1  1.011406    
         3         2         1  1.213467    
         4         2         1  1.371277    
         5         2         1  1.418045    
         6         2         1  1.433659    
         7         2         1  1.435854    
         8         2         1  1.404451    
         9         2         1  1.320026    
        10         2         1  1.000000    
        11         2         1  1.000000    
        12         2         1  1.000000    
        13         2         1  1.000000    
         0         3         1-0.1517763    
         1         3         1 0.5620165    
         2         3         1 0.9013959    
         3         3         1  1.021437    
         4         3         1  1.268425    
         5         3         1  1.317338    
         6         3         1  1.333612    
         7         3         1  1.304729    
         8         3         1  1.238811    
         9         3         1  1.000000    
        10         3         1  1.000000    
        11         3         1  1.000000    
        12         3         1  1.000000    
        13         3         1  1.000000    
         0         4         1 -6.465271    
         1         4         1  1.000000    
         2         4         1  1.000000    
         3         4         1  1.000000    
         4         4         1  1.000000    
         5         4         1  1.000000    
         6         4         1  1.000000    
         7         4         1  1.000000    
         8         4         1  1.000000    
         9         4         1  1.000000    
        10         4         1  1.000000    
        11         4         1  1.000000    
        12         4         1  1.000000    
        13         4         1  1.000000    
         0         5         1  1.000000    
         1         5         1  1.000000    
         2         5         1  1.000000    
         3         5         1  1.000000    
         4         5         1  1.000000    
         5         5         1  1.000000    
         6         5         1  1.000000    
         7         5         1  1.000000    
         8         5         1  1.000000    
         9         5         1  1.000000    
        10         5         1  1.000000    
        11         5         1  1.000000    
        12         5         1  1.000000    
        13         5         1  1.000000    
         0         6         1  1.000000    
         1         6         1  1.000000    
         2         6         1  1.000000    
         3         6         1  1.000000    
         4         6         1  1.000000    
         5         6         1  1.000000    
         6         6         1  1.000000    
         7         6         1  1.000000    
         8         6         1  1.000000    
         9         6         1  1.000000    
        10         6         1  1.000000    
        11         6         1  1.000000    
        12         6         1  1.000000    
        13         6         1  1.000000    
         0         7         1  1.000000    
         1         7         1  1.000000    
         2         7         1  1.000000    
         3         7         1  1.000000    
         4         7         1  1.000000    
         5         7         1  1.000000    
         6         7         1  1.000000    
         7         7         1  1.000000    
         8         7         1  1.000000    
         9         7         1  1.000000    
        10         7         1  1.000000    
        11         7         1  1.000000    
        12         7         1  1.000000    
        13         7         1  1.000000    
         0         0         2-0.3296849    
         1         0         2 0.6074820    
         2         0         2  1.065273    
         3         0         2  1.257472    
         4         0         2  1.416963    
         5         0         2  1.466483    
         6         0         2  1.489962    
         7         0         2  1.498237    
         8         0         2  1.511400    
         9         0         2  1.505777    
        10         0         2  1.474743    
        11         0         2  1.407629    
        12         0         2  1.409729    
        13         0         2  1.000000    
         0         1         2-0.1340848    
         1         1         2 0.6619935    
         2         1         2  1.064654    
         3         1         2  1.257763    
         4         1         2  1.419904    
         5         1         2  1.464786    
         6         1         2  1.483040    
         7         1         2  1.494833    
         8         1         2  1.497909    
         9         1         2  1.466628    
        10         1         2  1.412169    
        11         1         2  1.418450    
        12         1         2  1.000000    
        13         1         2  1.000000    
         0         2         2 0.2991951E-01
         1         2         2 0.7276750    
         2         2         2  1.055613    
         3         2         2  1.256414    
         4         2         2  1.396614    
         5         2         2  1.441509    
         6         2         2  1.468031    
         7         2         2  1.467554    
         8         2         2  1.460880    
         9         2         2  1.382063    
        10         2         2  1.534729    
        11         2         2  1.000000    
        12         2         2  1.000000    
        13         2         2  1.000000    
         0         3         2 0.1217079    
         1         3         2 0.6915920    
         2         3         2 0.9915538    
         3         3         2  1.161175    
         4         3         2  1.348048    
         5         3         2  1.380709    
         6         3         2  1.388018    
         7         3         2  1.412934    
         8         3         2  1.344022    
         9         3         2  1.000000    
        10         3         2  1.000000    
        11         3         2  1.000000    
        12         3         2  1.000000    
        13         3         2  1.000000    
         0         4         2-0.1184139    
         1         4         2 0.3851796    
         2         4         2 0.8653744    
         3         4         2 0.9017017    
         4         4         2  1.178294    
         5         4         2  1.172825    
         6         4         2  1.299435    
         7         4         2 0.2847292    
         8         4         2  1.000000    
         9         4         2  1.000000    
        10         4         2  1.000000    
        11         4         2  1.000000    
        12         4         2  1.000000    
        13         4         2  1.000000    
         0         5         2 -1.935859    
         1         5         2  1.000000    
         2         5         2  1.000000    
         3         5         2  1.000000    
         4         5         2  1.000000    
         5         5         2  1.000000    
         6         5         2  1.000000    
         7         5         2  1.000000    
         8         5         2  1.000000    
         9         5         2  1.000000    
        10         5         2  1.000000    
        11         5         2  1.000000    
        12         5         2  1.000000    
        13         5         2  1.000000    
         0         6         2  1.000000    
         1         6         2  1.000000    
         2         6         2  1.000000    
         3         6         2  1.000000    
         4         6         2  1.000000    
         5         6         2  1.000000    
         6         6         2  1.000000    
         7         6         2  1.000000    
         8         6         2  1.000000    
         9         6         2  1.000000    
        10         6         2  1.000000    
        11         6         2  1.000000    
        12         6         2  1.000000    
        13         6         2  1.000000    
         0         7         2  1.000000    
         1         7         2  1.000000    
         2         7         2  1.000000    
         3         7         2  1.000000    
         4         7         2  1.000000    
         5         7         2  1.000000    
         6         7         2  1.000000    
         7         7         2  1.000000    
         8         7         2  1.000000    
         9         7         2  1.000000    
        10         7         2  1.000000    
        11         7         2  1.000000    
        12         7         2  1.000000    
        13         7         2  1.000000    
         0         0         3-0.3484503    
         1         0         3 0.5986454    
         2         0         3  1.058451    
         3         0         3  1.266433    
         4         0         3  1.427875    
         5         0         3  1.462427    
         6         0         3  1.491784    
         7         0         3  1.497678    
         8         0         3  1.508805    
         9         0         3  1.504457    
        10         0         3  1.477882    
        11         0         3  1.410377    
        12         0         3  1.000000    
        13         0         3  1.000000    
         0         1         3-0.9541631E-01
         1         1         3 0.7023409    
         2         1         3  1.059305    
         3         1         3  1.257726    
         4         1         3  1.423197    
         5         1         3  1.453870    
         6         1         3  1.478859    
         7         1         3  1.489146    
         8         1         3  1.496954    
         9         1         3  1.473772    
        10         1         3  1.431990    
        11         1         3  1.000000    
        12         1         3  1.000000    
        13         1         3  1.000000    
         0         2         3 0.2995908E-01
         1         2         3 0.7189001    
         2         2         3  1.084689    
         3         2         3  1.240078    
         4         2         3  1.409729    
         5         2         3  1.445182    
         6         2         3  1.469996    
         7         2         3  1.476157    
         8         2         3  1.472421    
         9         2         3  1.428155    
        10         2         3  1.534729    
        11         2         3  1.000000    
        12         2         3  1.000000    
        13         2         3  1.000000    
         0         3         3 0.2122413    
         1         3         3 0.7772563    
         2         3         3  1.046314    
         3         3         3  1.213416    
         4         3         3  1.401050    
         5         3         3  1.417817    
         6         3         3  1.436882    
         7         3         3  1.433982    
         8         3         3  1.417495    
         9         3         3  1.150114    
        10         3         3  1.000000    
        11         3         3  1.000000    
        12         3         3  1.000000    
        13         3         3  1.000000    
         0         4         3 0.2437257    
         1         4         3 0.6507477    
         2         4         3 0.9487718    
         3         4         3  1.071646    
         4         4         3  1.285087    
         5         4         3  1.319100    
         6         4         3  1.329348    
         7         4         3  1.282864    
         8         4         3  1.236976    
         9         4         3  1.000000    
        10         4         3  1.000000    
        11         4         3  1.000000    
        12         4         3  1.000000    
        13         4         3  1.000000    
         0         5         3-0.8435249E-01
         1         5         3 0.2558348    
         2         5         3 0.2151417    
         3         5         3 0.5458404    
         4         5         3  1.159729    
         5         5         3  1.000000    
         6         5         3  1.000000    
         7         5         3  1.000000    
         8         5         3  1.000000    
         9         5         3  1.000000    
        10         5         3  1.000000    
        11         5         3  1.000000    
        12         5         3  1.000000    
        13         5         3  1.000000    
         0         6         3 -2.048604    
         1         6         3  1.000000    
         2         6         3  1.000000    
         3         6         3  1.000000    
         4         6         3  1.000000    
         5         6         3  1.000000    
         6         6         3  1.000000    
         7         6         3  1.000000    
         8         6         3  1.000000    
         9         6         3  1.000000    
        10         6         3  1.000000    
        11         6         3  1.000000    
        12         6         3  1.000000    
        13         6         3  1.000000    
         0         7         3  1.000000    
         1         7         3  1.000000    
         2         7         3  1.000000    
         3         7         3  1.000000    
         4         7         3  1.000000    
         5         7         3  1.000000    
         6         7         3  1.000000    
         7         7         3  1.000000    
         8         7         3  1.000000    
         9         7         3  1.000000    
        10         7         3  1.000000    
        11         7         3  1.000000    
        12         7         3  1.000000    
        13         7         3  1.000000    
         0         0         4-0.3482679    
         1         0         4 0.5958197    
         2         0         4  1.042598    
         3         0         4  1.260793    
         4         0         4  1.423732    
         5         0         4  1.467548    
         6         0         4  1.487808    
         7         0         4  1.497986    
         8         0         4  1.507740    
         9         0         4  1.501251    
        10         0         4  1.472143    
        11         0         4  1.000000    
        12         0         4  1.000000    
        13         0         4  1.000000    
         0         1         4-0.1467711    
         1         1         4 0.7209497    
         2         1         4  1.062879    
         3         1         4  1.252239    
         4         1         4  1.413843    
         5         1         4  1.453801    
         6         1         4  1.484740    
         7         1         4  1.493932    
         8         1         4  1.495791    
         9         1         4  1.476617    
        10         1         4  1.462999    
        11         1         4  1.000000    
        12         1         4  1.000000    
        13         1         4  1.000000    
         0         2         4 0.6382859E-01
         1         2         4 0.7824455    
         2         2         4  1.097727    
         3         2         4  1.248257    
         4         2         4  1.413134    
         5         2         4  1.448654    
         6         2         4  1.470849    
         7         2         4  1.477761    
         8         2         4  1.475114    
         9         2         4  1.443373    
        10         2         4  1.000000    
        11         2         4  1.000000    
        12         2         4  1.000000    
        13         2         4  1.000000    
         0         3         4 0.1910195    
         1         3         4 0.7983620    
         2         3         4  1.076645    
         3         3         4  1.234567    
         4         3         4  1.395271    
         5         3         4  1.430530    
         6         3         4  1.446728    
         7         3         4  1.448525    
         8         3         4  1.439807    
         9         3         4  1.534729    
        10         3         4  1.000000    
        11         3         4  1.000000    
        12         3         4  1.000000    
        13         3         4  1.000000    
         0         4         4 0.3493183    
         1         4         4 0.8177598    
         2         4         4  1.077415    
         3         4         4  1.169187    
         4         4         4  1.342889    
         5         4         4  1.365470    
         6         4         4  1.388404    
         7         4         4  1.380480    
         8         4         4  1.371939    
         9         4         4  1.000000    
        10         4         4  1.000000    
        11         4         4  1.000000    
        12         4         4  1.000000    
        13         4         4  1.000000    
         0         5         4 0.3335316    
         1         5         4 0.5890557    
         2         5         4 0.8170689    
         3         5         4 0.9057525    
         4         5         4  1.189004    
         5         5         4  1.215081    
         6         5         4  1.000000    
         7         5         4  1.000000    
         8         5         4  1.000000    
         9         5         4  1.000000    
        10         5         4  1.000000    
        11         5         4  1.000000    
        12         5         4  1.000000    
        13         5         4  1.000000    
         0         6         4-0.1082894    
         1         6         4-0.3402708    
         2         6         4  1.534729    
         3         6         4  1.000000    
         4         6         4  1.000000    
         5         6         4  1.000000    
         6         6         4  1.000000    
         7         6         4  1.000000    
         8         6         4  1.000000    
         9         6         4  1.000000    
        10         6         4  1.000000    
        11         6         4  1.000000    
        12         6         4  1.000000    
        13         6         4  1.000000    
         0         7         4  1.000000    
         1         7         4  1.000000    
         2         7         4  1.000000    
         3         7         4  1.000000    
         4         7         4  1.000000    
         5         7         4  1.000000    
         6         7         4  1.000000    
         7         7         4  1.000000    
         8         7         4  1.000000    
         9         7         4  1.000000    
        10         7         4  1.000000    
        11         7         4  1.000000    
        12         7         4  1.000000    
        13         7         4  1.000000    
         0         0         5-0.3264252    
         1         0         5 0.6256383    
         2         0         5  1.038931    
         3         0         5  1.265779    
         4         0         5  1.416561    
         5         0         5  1.465894    
         6         0         5  1.487575    
         7         0         5  1.499833    
         8         0         5  1.508872    
         9         0         5  1.500004    
        10         0         5  1.470213    
        11         0         5  1.000000    
        12         0         5  1.000000    
        13         0         5  1.000000    
         0         1         5-0.1362197    
         1         1         5 0.7184142    
         2         1         5  1.095416    
         3         1         5  1.241191    
         4         1         5  1.412932    
         5         1         5  1.455444    
         6         1         5  1.478952    
         7         1         5  1.491365    
         8         1         5  1.493621    
         9         1         5  1.481276    
        10         1         5  1.000000    
        11         1         5  1.000000    
        12         1         5  1.000000    
        13         1         5  1.000000    
         0         2         5 0.5476677E-01
         1         2         5 0.8070750    
         2         2         5  1.103683    
         3         2         5  1.243652    
         4         2         5  1.400441    
         5         2         5  1.446406    
         6         2         5  1.467499    
         7         2         5  1.474986    
         8         2         5  1.477946    
         9         2         5  1.467162    
        10         2         5  1.000000    
        11         2         5  1.000000    
        12         2         5  1.000000    
        13         2         5  1.000000    
         0         3         5 0.1895647    
         1         3         5 0.8384493    
         2         3         5  1.100621    
         3         3         5  1.234231    
         4         3         5  1.396868    
         5         3         5  1.427792    
         6         3         5  1.446508    
         7         3         5  1.457383    
         8         3         5  1.447862    
         9         3         5  1.000000    
        10         3         5  1.000000    
        11         3         5  1.000000    
        12         3         5  1.000000    
        13         3         5  1.000000    
         0         4         5 0.3518232    
         1         4         5 0.8590536    
         2         4         5  1.087633    
         3         4         5  1.192538    
         4         4         5  1.370476    
         5         4         5  1.389643    
         6         4         5  1.417665    
         7         4         5  1.419809    
         8         4         5  1.402056    
         9         4         5  1.000000    
        10         4         5  1.000000    
        11         4         5  1.000000    
        12         4         5  1.000000    
        13         4         5  1.000000    
         0         5         5 0.4508269    
         1         5         5 0.8116510    
         2         5         5 0.9931231    
         3         5         5  1.073057    
         4         5         5  1.306545    
         5         5         5  1.321020    
         6         5         5  1.000000    
         7         5         5  1.000000    
         8         5         5  1.000000    
         9         5         5  1.000000    
        10         5         5  1.000000    
        11         5         5  1.000000    
        12         5         5  1.000000    
        13         5         5  1.000000    
         0         6         5 0.3221922    
         1         6         5 0.4939672    
         2         6         5 0.7646143    
         3         6         5  1.000000    
         4         6         5  1.000000    
         5         6         5  1.000000    
         6         6         5  1.000000    
         7         6         5  1.000000    
         8         6         5  1.000000    
         9         6         5  1.000000    
        10         6         5  1.000000    
        11         6         5  1.000000    
        12         6         5  1.000000    
        13         6         5  1.000000    
         0         7         5 -2.629205    
         1         7         5  1.000000    
         2         7         5  1.000000    
         3         7         5  1.000000    
         4         7         5  1.000000    
         5         7         5  1.000000    
         6         7         5  1.000000    
         7         7         5  1.000000    
         8         7         5  1.000000    
         9         7         5  1.000000    
        10         7         5  1.000000    
        11         7         5  1.000000    
        12         7         5  1.000000    
        13         7         5  1.000000    
         0         0         6-0.3798317    
         1         0         6 0.7060514    
         2         0         6  1.054386    
         3         0         6  1.239746    
         4         0         6  1.401608    
         5         0         6  1.467881    
         6         0         6  1.473612    
         7         0         6  1.489180    
         8         0         6  1.502769    
         9         0         6  1.500483    
        10         0         6  1.000000    
        11         0         6  1.000000    
        12         0         6  1.000000    
        13         0         6  1.000000    
         0         1         6-0.1485714    
         1         1         6 0.7627136    
         2         1         6  1.090403    
         3         1         6  1.256156    
         4         1         6  1.412113    
         5         1         6  1.449550    
         6         1         6  1.469777    
         7         1         6  1.488781    
         8         1         6  1.489864    
         9         1         6  1.479174    
        10         1         6  1.000000    
        11         1         6  1.000000    
        12         1         6  1.000000    
        13         1         6  1.000000    
         0         2         6 0.1909876E-01
         1         2         6 0.8472224    
         2         2         6  1.097702    
         3         2         6  1.242741    
         4         2         6  1.397738    
         5         2         6  1.440605    
         6         2         6  1.461252    
         7         2         6  1.471404    
         8         2         6  1.475353    
         9         2         6  1.000000    
        10         2         6  1.000000    
        11         2         6  1.000000    
        12         2         6  1.000000    
        13         2         6  1.000000    
         0         3         6 0.1670003    
         1         3         6 0.8743659    
         2         3         6  1.117184    
         3         3         6  1.233524    
         4         3         6  1.383711    
         5         3         6  1.425885    
         6         3         6  1.449774    
         7         3         6  1.464833    
         8         3         6  1.456362    
         9         3         6  1.000000    
        10         3         6  1.000000    
        11         3         6  1.000000    
        12         3         6  1.000000    
        13         3         6  1.000000    
         0         4         6 0.3144578    
         1         4         6 0.9080172    
         2         4         6  1.106506    
         3         4         6  1.202337    
         4         4         6  1.375106    
         5         4         6  1.408654    
         6         4         6  1.434223    
         7         4         6  1.428669    
         8         4         6  1.000000    
         9         4         6  1.000000    
        10         4         6  1.000000    
        11         4         6  1.000000    
        12         4         6  1.000000    
        13         4         6  1.000000    
         0         5         6 0.4539337    
         1         5         6 0.9189011    
         2         5         6  1.091570    
         3         5         6  1.093734    
         4         5         6  1.314094    
         5         5         6  1.356647    
         6         5         6  1.000000    
         7         5         6  1.000000    
         8         5         6  1.000000    
         9         5         6  1.000000    
        10         5         6  1.000000    
        11         5         6  1.000000    
        12         5         6  1.000000    
        13         5         6  1.000000    
         0         6         6 0.4573416    
         1         6         6 0.8349596    
         2         6         6 0.9106157    
         3         6         6  1.000000    
         4         6         6  1.000000    
         5         6         6  1.000000    
         6         6         6  1.000000    
         7         6         6  1.000000    
         8         6         6  1.000000    
         9         6         6  1.000000    
        10         6         6  1.000000    
        11         6         6  1.000000    
        12         6         6  1.000000    
        13         6         6  1.000000    
         0         7         6 0.2737132    
         1         7         6  1.000000    
         2         7         6  1.000000    
         3         7         6  1.000000    
         4         7         6  1.000000    
         5         7         6  1.000000    
         6         7         6  1.000000    
         7         7         6  1.000000    
         8         7         6  1.000000    
         9         7         6  1.000000    
        10         7         6  1.000000    
        11         7         6  1.000000    
        12         7         6  1.000000    
        13         7         6  1.000000    
         0         0         7-0.6274934    
         1         0         7 0.6966582    
         2         0         7  1.124651    
         3         0         7  1.233467    
         4         0         7  1.394677    
         5         0         7  1.442312    
         6         0         7  1.474011    
         7         0         7  1.472229    
         8         0         7  1.486984    
         9         0         7  1.000000    
        10         0         7  1.000000    
        11         0         7  1.000000    
        12         0         7  1.000000    
        13         0         7  1.000000    
         0         1         7-0.3713570    
         1         1         7 0.8279985    
         2         1         7  1.121250    
         3         1         7  1.248860    
         4         1         7  1.392954    
         5         1         7  1.436616    
         6         1         7  1.465874    
         7         1         7  1.472982    
         8         1         7  1.477477    
         9         1         7  1.000000    
        10         1         7  1.000000    
        11         1         7  1.000000    
        12         1         7  1.000000    
        13         1         7  1.000000    
         0         2         7-0.2004883    
         1         2         7 0.8746462    
         2         2         7  1.125021    
         3         2         7  1.207264    
         4         2         7  1.407388    
         5         2         7  1.437376    
         6         2         7  1.451121    
         7         2         7  1.449787    
         8         2         7  1.534729    
         9         2         7  1.000000    
        10         2         7  1.000000    
        11         2         7  1.000000    
        12         2         7  1.000000    
        13         2         7  1.000000    
         0         3         7-0.4895127E-01
         1         3         7 0.9002182    
         2         3         7  1.130013    
         3         3         7  1.206619    
         4         3         7  1.409935    
         5         3         7  1.419897    
         6         3         7  1.469155    
         7         3         7  1.391872    
         8         3         7  1.000000    
         9         3         7  1.000000    
        10         3         7  1.000000    
        11         3         7  1.000000    
        12         3         7  1.000000    
        13         3         7  1.000000    
         0         4         7 0.2756548E-01
         1         4         7 0.9315998    
         2         4         7  1.075129    
         3         4         7  1.185516    
         4         4         7  1.355782    
         5         4         7  1.418940    
         6         4         7  1.000000    
         7         4         7  1.000000    
         8         4         7  1.000000    
         9         4         7  1.000000    
        10         4         7  1.000000    
        11         4         7  1.000000    
        12         4         7  1.000000    
        13         4         7  1.000000    
         0         5         7 0.1346844    
         1         5         7 0.9390209    
         2         5         7  1.105702    
         3         5         7  1.029627    
         4         5         7  1.000000    
         5         5         7  1.000000    
         6         5         7  1.000000    
         7         5         7  1.000000    
         8         5         7  1.000000    
         9         5         7  1.000000    
        10         5         7  1.000000    
        11         5         7  1.000000    
        12         5         7  1.000000    
        13         5         7  1.000000    
         0         6         7 0.2467072    
         1         6         7 0.9193446    
         2         6         7  1.000000    
         3         6         7  1.000000    
         4         6         7  1.000000    
         5         6         7  1.000000    
         6         6         7  1.000000    
         7         6         7  1.000000    
         8         6         7  1.000000    
         9         6         7  1.000000    
        10         6         7  1.000000    
        11         6         7  1.000000    
        12         6         7  1.000000    
        13         6         7  1.000000    
         0         7         7 0.7787809    
         1         7         7  1.000000    
         2         7         7  1.000000    
         3         7         7  1.000000    
         4         7         7  1.000000    
         5         7         7  1.000000    
         6         7         7  1.000000    
         7         7         7  1.000000    
         8         7         7  1.000000    
         9         7         7  1.000000    
        10         7         7  1.000000    
        11         7         7  1.000000    
        12         7         7  1.000000    
        13         7         7  1.000000    
